6325 961 3054 810 811 3421 4740 6136 3659 6424 819 3374 2414 6834 3330 9155 981 2375 1209 249 3297 6344 22 4499 7671 9277 4708 7464 3224 4959 8538 8476 2518 4574 6124 2659 8988 4332 2157 6289 8480 6496 7540 5283 931 6369 1455 7893 7333 7261 1962 43 5873 3717 6820 6310 8287 2794 6599 8713 1901 1404 6757 4186 1407 5526 4462 5380 3189 8727 0
6978 3507 1189 883 1780 5534 6988 311 8457 4977 6107 2636 6197 3211 7896 3836 7900 2375 6117 1524 622 4968 1982 2659 7021 2095 4107 7893 1239 43 7046 2115 6199 1832 2978 963 2980 4159 11 7949 4867 3276 7657 2995 7362 6487 981 91 1792 2681 1863 4995 5061 1868 998 1878 5636 1881 1645 7897 7137 4261 4216 3333 5939 3691 8344 6820 2028 1901 6829 6531 5380 1625 1610 320 8020 5674 155 4817 962 2768 3531 8895 2502 1062 7740 8317 3330 5122 652 759 8050 5986 3406 5698 5991 6878 6288 4583 5415 1789 502 207 3717 4866 4298 2494 1467 4875 5458 6325 1698 5274 810 811 2284 6619 3502 4037 819 8666 537 8966 7224 834 4053 251 8979 8403 5801 385 3164 8128 3166 271 857 6955 7257 7261 2423 8032 8430 579 2618 870 5522 4386 1180 5526 588 8156 0
6737 883 4111 1513 325 6115 2375 8470 9055 919 5091 8736 4995 2089 1810 1233 9074 5009 6138 6148 2677 6199 6757 5027 8140 7642 5308 6468 9101 6293 2430 7657 7360 3374 5910 4503 113 1310 5642 3630 3691 6820 6230 1901 6831 5380 1035 730 1528 961 1633 962 8589 6862 3381 5696 5985 1083 6289 4583 4375 3708 3717 3421 5448 8942 6017 5729 6325 4037 6907 810 2278 811 4287 3502 238 6759 827 2578 5764 4419 6935 7336 8697 8128 7850 7261 574 8032 1760 9011 3184 4957 5526 0
6978 4964 1190 4968 3197 2948 5539 3521 8752 1510 4323 2375 687 1524 4995 6434 1810 7021 7616 6740 649 7046 1243 7643 961 963 70 379 7949 7657 3991 3289 7068 981 8528 5913 8255 405 4499 1863 7677 100 4201 7383 4759 7977 4209 1600 115 5071 4215 3333 3691 2178 6820 4876 4230 8567 2484 5380 3717 3053 7729 4549 392 6853 3129 422 5119 6862 3983 3382 7009 8050 5698 7457 4574 6289 8612 8615 4584 4849 2807 2245 5721 6593 6317 798 6017 1689 5733 4875 1114 6325 238 5274 4270 810 2278 811 2284 3138 3502 2288 819 8666 1023 6344 1130 2298 4801 2008 4055 9052 99 6935 1897 5500 7544 7548 1456 1480 7261 8032 4383 5526 588 1482 1483 0
961 1191 1528 811 77 1920 8380 1425 2993 6344 7585 317 2440 4875 8587 6138 4831 3376 323 5798 3055 2928 6814 328 7443 8685 7163 7481 5698 810 83 8988 6289 5684 8317 4515 1602 4847 448 8911 1645 614 4455 2533 43 8032 1325 351 5761 1049 3422 1901 7491 6820 5380 7642 981 0
6325 4239 961 6241 9045 810 2405 6683 2284 7818 8514 4685 3374 7296 7440 3976 7589 2375 6698 3008 9052 8041 4916 7635 3082 8988 2156 8397 7844 6369 1818 1455 5354 8713 6634 8906 9015 6757 5380 8878 7715 0
6325 2556 961 6862 68 9024 5764 2278 811 1671 7106 5249 4743 3502 4037 7236 3595 8519 7068 3330 7366 1711 834 1514 9046 2375 6634 798 8265 5533 5771 6232 5698 5991 5128 7261 5338 2659 8988 3315 7021 4748 3166 759 7391 1455 3246 4857 43 8713 5380 1475 7864 8032 8148 5882 6757 8430 2684 5526 1078 4875 2900 590 0
6325 8593 810 7949 2765 6619 7158 8743 1641 6065 833 1361 2375 3079 7677 3312 2659 2999 6289 1645 932 4455 4857 3191 3682 4521 2245 7623 7261 3691 3712 866 7402 3717 6820 131 6313 6605 5526 7642 0
961 2488 4311 9050 2275 810 1498 7130 8713 536 7590 6634 1732 5336 8988 4583 7261 3691 3717 6011 1551 2129 8032 2342 5526 7871 5380 0
3507 6464 4169 6410 1504 2812 319 2375 8187 920 1961 821 6136 6740 100 4455 5297 3253 921 3571 1629 2978 963 7046 6283 3996 7241 8815 5896 9112 7683 6181 6486 981 7080 1863 2393 4198 4507 1349 1276 115 5933 4519 3027 4261 3333 6816 7700 2178 218 1024 5996 320 8887 7735 8898 5969 3977 3334 1646 6559 8034 6276 174 8329 5696 4174 4574 3693 8615 2807 1789 6887 3411 4857 3717 3935 4299 797 4186 4875 6325 1922 3442 810 2278 8939 1132 819 6344 827 3780 2850 7518 834 2858 257 2863 1443 8988 6646 6648 5500 3175 7261 8032 5796 8432 3801 8719 872 5526 7554 588 0
5533 5857 2911 4169 6107 2424 4983 4123 2375 206 335 4857 6619 2089 8196 4438 3237 6136 9302 6139 4157 4504 370 5539 6345 961 1061 3598 8249 2713 4762 100 6799 7384 3429 115 7722 1318 3333 3691 8344 321 6820 9166 3939 135 1620 1901 3771 5380 1909 384 6262 1645 468 759 3387 7163 1656 5698 2518 7261 6289 3632 3405 5806 6581 9229 2245 2387 3421 8713 6017 1689 4875 6325 818 810 811 7812 4287 4037 819 8666 1711 6061 5764 2480 6935 5779 8988 5212 2869 1455 862 2232 8032 1475 5526 879 0
1485 7282 2054 8161 5247 9032 2488 6464 8170 8175 2926 2375 6117 7080 2378 8734 1863 919 7311 4134 4995 849 4714 9074 6136 6740 6935 6140 3250 45 4455 7046 6757 367 7348 9101 8593 7949 1567 8658 9114 3374 3288 3991 678 86 981 3297 2362 5623 7673 102 1592 6204 3019 8841 7394 4261 1320 5940 8864 4221 3118 6820 438 2028 6230 1901 1445 5380 7897 1626 6862 320 3053 4246 1047 3969 7735 163 392 2502 3330 6856 748 5097 1065 7446 5408 759 5696 3391 8050 3691 8340 4700 8344 4583 8927 1789 5745 2245 4590 4857 6589 2561 3717 2537 510 3421 6118 5168 4875 7559 3502 6325 5274 810 811 4287 8380 4037 819 7819 540 1713 6922 2298 4623 6289 5764 6347 6344 2011 8685 4450 1739 8128 5427 6227 857 7850 7261 574 8032 5516 579 1625 5801 1475 8723 1180 5526 588 1483 4394 0
961 8988 3934 8713 8650 810 7319 8522 7950 1633 6369 1901 6757 6820 1455 2102 5526 5380 3374 3502 0
4671 6978 3507 938 5816 5940 1628 2917 3827 4417 1510 6632 4988 2375 4836 5482 4700 1526 6726 1982 4996 2659 6040 5276 1810 3148 6792 5282 3711 7323 4146 7029 3231 6136 6740 3246 4448 4455 2677 1549 7046 6634 2115 6892 560 6757 2419 7638 4462 1832 6677 8499 962 3269 3889 7949 6474 2989 9114 6483 3779 8519 6486 230 981 5996 4495 1738 3005 5431 3607 5329 4765 4502 5921 5335 5056 3312 5338 4929 1276 115 6213 251 8856 2684 3330 3691 4279 1018 6440 2870 6820 4876 1617 271 8565 3042 6232 3043 447 726 6834 1626 2488 7886 4812 153 961 7729 1633 2028 2985 5244 2768 5111 1606 4123 1642 6853 8500 1350 8317 7742 4831 3219 5990 6862 6426 480 762 4995 2515 5698 7457 6285 4841 8608 5696 1083 6289 2564 5477 8344 4583 7772 6294 9224 200 2245 7382 4857 788 9029 919 1236 1174 8230 3717 4593 8942 6017 2550 4605 223 3502 6325 6123 810 5744 811 8091 4287 8354 2284 8380 4037 819 8666 6631 827 1998 5761 4008 4140 6344 2069 9052 3466 1475 6935 3991 3160 8988 6945 3164 4928 556 1451 2184 8007 7850 2876 8591 7261 8140 9237 7859 8032 7268 579 4541 4383 2045 8609 6973 5526 862 0
961 8814 811 7 1455 9185 8036 819 3374 827 980 981 4762 3765 7528 6204 8807 3312 4435 4922 8988 8200 7286 6369 6136 7987 7261 8713 4876 5380 0
6737 883 7579 5908 8746 4417 328 2375 9052 2936 4995 4996 6619 7606 4908 6129 4714 5009 8537 6136 6740 1238 4455 3253 8789 8082 6757 5027 1832 961 966 9109 3280 8694 8519 3423 981 9127 404 2929 8760 33 99 1870 8807 3312 7687 698 5071 5932 8552 3626 5647 3333 3691 8344 1324 6820 1460 1901 2755 5380 6834 4542 5673 1633 1372 8583 5968 6266 3852 3074 6862 3983 6864 494 4140 5698 2518 6289 3100 5263 3426 4856 505 3717 8942 8032 6017 714 4875 224 3502 6325 8298 810 4287 3745 6034 1225 8380 819 827 8391 3192 1810 5764 4231 2008 327 840 2859 6935 9282 2691 8988 5783 1744 1455 1068 7261 282 8713 5761 7269 9015 2004 6393 5526 0
6325 961 2978 4311 8327 3054 7046 3319 7949 811 1705 5539 4037 6740 5750 6759 3374 827 83 3598 8317 4261 7152 981 2375 3332 7735 5212 1901 5408 2494 6348 7351 6289 1863 3705 8685 919 1723 5701 7261 2659 8988 176 4646 6345 1700 819 3610 4169 777 4583 4516 9146 588 4714 5221 5289 4785 3246 6138 2245 3333 2106 8065 3691 8344 2251 4375 6145 8032 2344 6177 3421 6892 9015 7392 3192 2684 5526 4462 5380 7414 7642 3502 0
961 962 7131 1780 7046 810 3197 889 2989 9101 7657 819 1054 7064 825 827 1023 3330 9195 981 5324 5618 3333 2375 1863 8050 1524 6935 6202 4201 7761 7972 3312 5338 5782 8988 340 1810 5281 8615 8482 5286 8771 7544 5350 100 1606 2245 4590 7261 2395 7040 3717 588 4876 1246 53 1482 5092 5521 6199 5526 5380 6834 3578 5503 0
6325 5526 961 810 2917 811 7729 4079 7657 536 5032 6853 5049 7872 5713 9168 3330 6668 473 6136 2245 3836 6289 3055 1194 2364 5120 6426 6634 5127 8265 6935 919 181 3915 3222 9136 3312 4901 8988 3315 1084 1700 5206 8893 4583 6627 7558 1455 3408 4557 9297 4007 2369 7261 3691 4455 8713 5380 1731 8942 8032 2876 6757 6820 2941 1832 6834 3502 0
6977 299 6978 8734 6455 3197 7633 7522 8457 7811 5619 317 7680 8752 609 7700 3531 2375 9052 915 1524 919 5282 5284 9073 9075 8484 3246 6741 6742 4455 3253 208 2129 2115 5879 8168 6757 4731 8223 7642 2978 7645 5111 965 5037 6169 4409 3422 6479 3592 1876 4085 1641 675 7068 6107 981 3001 1764 6490 403 7080 1223 4765 100 5063 4506 5056 4771 3312 2458 1877 3920 7198 4209 5345 6509 8273 8856 1313 5354 1608 4216 3333 1894 5940 2470 2472 8559 2539 6820 6606 3486 2479 1901 8876 447 6833 6834 1035 1626 8084 4246 8888 2763 7729 1920 5408 3969 7735 5397 392 8500 8317 3330 4831 3376 7446 2783 5980 7753 5696 810 1071 5443 6869 3691 2278 5144 4583 4584 3125 7474 8623 614 4528 4857 1110 3034 3717 1673 9243 2543 8713 6317 518 1689 1973 714 4876 6325 5735 6327 3736 5742 3444 5177 811 8930 4287 8295 3502 4037 819 536 825 827 4898 5761 5475 6627 6289 2008 2307 6634 6352 6935 5490 6360 8988 3775 1446 4929 6651 7250 1455 5790 277 7261 6395 8140 8032 5380 397 8797 4641 2621 1180 1542 5526 875 6397 1483 0
883 6403 6991 7292 5542 7095 5040 3653 5400 6712 3531 2375 6426 2377 919 9062 7914 7026 6138 649 8494 5879 6757 4462 7347 961 9101 6166 6167 8235 7657 3966 3374 676 7068 981 680 7672 4501 811 8261 4201 2456 5339 113 115 1602 3300 5935 7394 3691 6820 1901 5380 452 911 1633 9150 9107 6853 8317 3330 7743 6868 5698 5071 6289 190 4583 532 4003 3871 8065 4859 4861 3717 4890 3422 349 3428 1407 8648 4875 1569 6325 2268 4311 810 4617 4284 4287 2284 1971 819 536 539 4350 7247 834 2008 8685 3856 8403 6935 4920 1442 385 8988 8695 2868 8994 2611 5526 7261 8032 9261 1180 3503 8439 0
6325 8336 320 3890 7046 819 2278 811 1633 4261 2210 466 8666 4685 7068 3330 5906 251 7370 2375 4426 4499 1863 619 8050 27 5380 5801 2864 5274 8123 7769 8317 2870 271 3100 5009 405 6935 3426 3176 936 574 8032 588 7559 438 4959 622 6757 857 5526 4875 9052 0
6325 3717 5982 962 4311 883 3957 8300 810 819 811 8304 2429 5181 3502 2288 7618 7841 537 2115 6853 3598 6939 4940 1488 7824 6421 752 6862 1901 5197 2375 6289 1800 6935 919 5698 6757 8047 4857 3330 3886 8988 1810 8380 8128 1881 5524 4360 115 4317 1354 4583 8327 6136 3921 6138 2245 5526 7261 3691 3310 981 2409 8032 8645 359 5761 5090 6834 8713 3042 6017 1180 2684 726 7761 9096 7642 8156 0
3507 3197 3512 9034 6498 4417 9043 5264 2375 1524 8081 7024 6733 2397 6138 6747 7046 2129 2115 3219 961 3274 8815 8031 6175 674 8519 1576 981 3607 1863 100 4201 6757 3317 3333 5650 3691 7995 4875 3039 1901 2753 5380 3053 4248 2098 2325 6252 1637 7735 1642 6853 3320 3330 7443 7249 5414 7757 770 8050 8615 4857 3711 3717 513 6017 7198 5733 223 810 2284 5467 4037 819 8666 1023 1994 256 1153 8988 2028 7544 7850 2876 1480 7261 574 8032 2615 7862 6672 4643 5526 588 1483 0
5849 961 8988 8713 576 6369 6757 1455 5380 3374 0
6325 6862 2093 8593 3890 7770 8327 196 4252 1047 814 7657 7582 8238 422 883 7705 8756 3055 4123 1289 2375 8834 8056 8187 1942 9276 6289 8697 4583 2392 8927 4714 4717 1749 3691 3035 4455 435 6820 52 7342 138 3658 5526 7642 0
6978 2904 8687 8968 883 5122 1495 1497 1199 5919 897 898 5794 2916 2636 3525 7572 17 251 8290 759 7730 7005 4719 2375 6427 4127 352 1254 7311 9060 5274 4996 2659 8382 2089 1810 9066 3236 3778 3553 6734 5006 9235 8483 5009 5288 6136 3246 1645 99 7621 6142 5014 4454 4455 1243 2962 6960 6024 3255 653 1083 5595 61 4465 2193 1836 9101 963 376 1562 7089 8598 7949 3274 2988 972 7655 7657 8189 6177 4483 7362 4638 8519 83 85 981 982 1185 2494 3651 7004 743 3304 5332 7677 1297 3312 701 4680 5061 8270 7440 115 4051 8548 1406 1006 3210 1011 1316 6515 3333 5939 3691 7700 3035 6819 6820 4876 1475 1024 1832 1901 5377 6832 6834 6533 1908 8896 1039 6467 6069 7877 1044 6542 1633 1386 384 9086 5968 8317 3330 4831 8903 476 5124 5408 5120 3678 2226 5128 5696 529 6871 3991 8605 2518 7171 3092 6289 4581 4583 8525 3403 5715 2241 2280 4004 4375 1789 4119 2245 614 9233 204 2533 7613 43 6034 3717 5698 435 8359 3421 1683 4145 8942 1685 797 3723 2825 6017 1689 4021 4874 9252 3729 8950 6325 2267 5736 4413 2336 810 8957 811 6335 4287 1128 5180 1705 1415 6288 3502 4037 819 4875 7820 9011 2284 827 7848 7766 5761 7225 3192 4588 7520 5764 5612 3462 4908 1726 841 7912 5772 6935 5487 0 2691 2866 2582 5212 6344 8697 6507 3781 5500 281 2607 6954 7336 1968 7261 1643 8140 4606 8032 8645 4049 3799 5797 4091 716 2341 1180 1181 5526 1626 3492 5323 0
961 2441 8988 4983 5693 8713 2133 8415 6369 6757 1455 5354 6898 5380 3374 0
961 9101 963 6289 8593 2054 5587 810 819 6719 1509 7288 1786 6177 8086 1572 166 4220 7657 7078 678 7222 4831 8401 6862 7897 230 2509 5130 2784 2375 617 6634 7134 5380 6105 6309 1900 5063 5698 5991 4044 361 4576 7668 8988 8410 263 4871 93 4700 2158 4583 7503 6441 1587 5352 6136 6817 3691 8493 3333 7261 8491 4725 4792 4376 9084 6820 1103 5761 8564 3025 4229 1832 1901 6674 8798 1558 4287 2684 5526 5664 3640 3502 0
6325 6978 9101 3736 7284 8888 819 811 1177 4037 1606 8238 392 6853 9096 8317 3330 86 8282 609 6862 3005 1859 7249 2375 172 6118 4911 176 8402 6935 6202 7760 2518 6856 9213 8988 5361 633 5071 4426 7850 5354 6513 3333 5939 3411 3691 6555 208 3717 438 2892 6834 6017 4875 9052 0
6978 963 70 810 3197 811 1633 1130 7657 1023 8615 8255 3333 678 981 6192 5194 6289 4323 588 2008 4123 4055 1863 8329 1810 1524 6935 4201 3230 3312 7383 8050 7245 6730 8612 5721 115 3622 4849 7544 5071 99 6740 1789 3691 2245 100 7261 5005 7700 4455 3717 6820 6614 7046 1482 4230 6317 2826 961 5526 5380 6834 1483 0
7725 2278 8021 3895 3836 7002 5764 6634 4577 8988 5916 8544 779 1455 7261 1096 8713 1761 8032 7936 4805 5380 0
3812 961 810 1455 9184 4762 819 7765 3374 2783 4348 919 1107 1626 8988 4646 6882 6369 6136 7261 7403 8713 653 1180 5526 4806 5380 3502 0
6978 682 883 2055 4968 5857 6987 6136 309 2914 898 2917 606 5546 3836 4123 328 2375 9052 621 919 7311 1528 6361 3851 5274 6124 2659 1810 7317 3782 934 9074 5009 6934 939 8490 4455 50 1550 4160 6755 6757 2419 1832 961 8511 3890 7949 6170 8031 6478 7657 6177 2708 8519 981 982 7370 99 691 3312 1844 8854 706 1606 7395 1319 3691 1612 9161 6820 4230 1901 139 1625 3049 6862 3056 3058 1047 1919 6547 4988 5968 3330 473 5120 1065 1066 2783 6866 6868 5696 179 7758 180 5128 770 7553 6289 2278 8344 4583 9221 3100 4678 574 1789 2245 9233 4857 43 3717 3421 8942 8705 6017 4872 714 1974 4875 3502 6325 2267 7498 4037 810 6911 811 6619 8380 238 819 9265 1994 6344 1137 827 5761 3192 834 5764 5768 7438 8685 2091 4668 6935 3884 6641 385 4929 3166 2174 8997 6957 7261 4375 4376 8032 579 6834 1475 2004 5526 2049 0
4239 961 3502 2636 2926 8746 3374 7525 8333 3847 6204 8988 6369 2168 7029 1345 1455 8713 6820 1901 6757 5526 5380 0
5048 961 2693 2284 819 384 3900 5120 6860 5764 2147 3374 2375 4568 847 6941 8988 6798 6369 1455 2938 3691 8713 8863 6757 5380 7053 0
8453 2759 5686 8593 1414 8938 810 3818 966 2765 1633 2431 7055 1800 7657 238 819 4875 7286 4311 4556 883 981 7705 7243 7370 1155 8327 6426 9052 3845 3004 8685 5130 621 5061 6354 2215 5698 931 6641 2232 2659 1276 2375 6289 6862 811 4929 579 8615 1312 9101 4583 5935 3626 6138 2245 3333 4605 2923 7261 3691 8344 7928 8032 6820 5655 7046 2284 1901 437 9060 4037 1897 5526 7179 588 7642 3502 0
6325 591 961 810 1455 3374 6262 7370 8034 4762 7319 1528 6641 8988 6289 556 4779 6369 6135 6136 6964 8713 6820 1901 2684 5526 5380 0
7282 883 5016 6446 6107 3921 251 2074 2104 2375 4289 1521 8736 4995 1810 3855 8444 6136 2102 3246 2629 6935 4455 2661 4441 6145 7046 3572 6757 657 7642 4866 68 676 83 5049 5116 684 8314 405 7080 1863 100 7971 7386 115 7137 5040 3333 3691 3705 6819 5086 6820 1901 2753 6834 5100 3957 3983 466 392 8898 6853 410 4260 3330 1354 4261 2317 5128 5696 5698 7760 6285 6289 9218 4583 4849 2812 1392 4857 3717 1363 2178 8942 6600 7793 6017 1303 4186 4605 7761 223 7715 6325 4037 5274 4614 810 1986 811 238 2298 2008 3833 5486 7241 8988 3044 4360 4935 8615 7549 7661 8707 7261 8140 4376 6965 8032 8645 4621 1475 1180 5526 7280 588 2345 8156 0
7571 2674 2905 5814 6405 4974 4169 4783 6106 2637 4890 3831 909 3531 3216 2375 2650 1148 1801 919 8065 3548 7021 3856 931 3238 6734 5575 5009 5288 6136 5864 6138 5292 6140 5583 4455 4539 6149 8555 3898 6593 2968 51 7637 6464 2745 65 961 7434 2696 8610 6884 1269 77 7657 9114 3374 2439 4753 678 7069 5906 4491 656 8832 405 5329 4501 4003 99 8838 8792 4201 3017 1597 5339 5635 1306 7687 676 8317 115 5935 2684 5833 6716 3691 433 4697 6820 5452 6858 1901 7610 5952 5380 4808 3952 2197 5100 4242 3207 9180 8888 154 7425 1633 1386 6173 741 6853 7440 3330 4558 511 7984 1932 9199 2509 5408 5120 8599 6117 9001 5985 179 5698 7457 772 9215 6289 188 5206 1647 190 4583 3700 7182 7677 2245 9231 9233 7782 2251 9236 7556 3565 3717 5884 2284 3422 9245 1109 1687 3428 6128 7202 6325 5040 4037 5462 6909 6612 810 811 3591 4287 6914 3138 3502 238 819 6051 3753 2847 7247 3143 8676 2377 7921 2008 1995 4593 547 6634 8115 7217 1442 8988 1447 8697 9292 1569 2870 1456 1750 4375 3176 7261 8358 1462 981 4098 4023 6969 1475 5804 5526 4100 5239 0
2674 6325 961 2137 4688 525 810 6809 811 7137 7657 238 7735 8238 4070 1023 6759 1924 3875 2578 4285 5040 5225 981 4261 2633 6289 5408 6757 2375 4426 25 1863 5696 8491 100 919 4611 3850 4857 4577 8988 8123 9080 7021 2524 113 4583 6294 4363 5455 9076 574 7661 6935 3541 7261 3691 819 3253 1911 8032 5380 7924 7046 2129 5589 2414 3717 1901 3425 445 1180 657 1407 5526 4099 0
961 5895 1495 1455 4024 3374 2641 981 4762 328 760 1538 8988 7605 1446 8697 2599 9292 6369 6136 8713 6820 9240 5945 8643 6757 5731 5526 5380 6680 0
6978 883 6446 8252 4979 317 2375 919 5091 1810 5286 5296 7040 2337 7046 8797 6757 657 960 3978 8815 8988 1863 100 4201 1276 7391 4268 3333 1320 3691 3705 6600 5380 6834 3054 2775 8317 7249 1649 8329 176 5698 7761 8050 8615 1789 2245 4858 5724 3717 4299 6017 1303 4186 6325 810 4317 1419 4287 2284 3502 536 1023 6344 7518 834 6631 6674 2015 5771 7535 8123 4507 5782 8128 7544 5503 7261 2039 8032 8717 1482 5200 4071 1180 5526 588 1772 0
6978 3507 3197 6107 317 8255 6417 2926 4323 4123 2375 3841 1524 919 3230 4995 6621 4140 5003 5721 3191 6740 3253 7046 6757 7383 9185 7642 961 9101 963 7646 8593 3890 379 8232 2457 7657 4482 8519 7068 6994 2444 1289 405 6317 1863 99 100 7678 4201 3312 2155 1276 113 1645 115 3024 5071 7638 3333 5939 3691 6819 6820 8954 4230 6232 5380 7126 1626 8890 8578 2978 1920 8595 6853 2776 3330 3376 6862 5408 5982 174 8050 8608 6289 8615 1088 8140 2245 7480 7613 3034 3717 210 4866 8942 2494 2990 6325 2288 5274 810 811 8091 5316 1130 4037 819 8666 1023 6344 827 5761 1810 6629 2008 981 4055 9052 6935 7246 8317 7544 1455 70 7261 4084 574 5794 4849 8032 9011 6834 7443 1474 5526 588 1482 1483 0
6978 3507 9027 5824 3827 8752 911 2375 7308 7597 8764 1982 1810 8481 5009 6136 8688 653 6157 370 7949 5607 7487 4750 8519 981 1583 8257 3312 7440 2166 3333 3691 5362 6820 4531 4230 3649 6834 1630 5964 8317 4831 2222 5408 6869 5698 1940 2518 6961 6289 2803 4583 7469 6295 7012 6887 2245 1398 4866 8938 6914 514 3427 1689 5456 6325 6027 5739 810 811 2284 3502 4037 2570 827 5764 9277 8685 6935 6936 365 2989 8697 8994 8702 8134 7261 8032 8434 4384 582 2324 5526 0
6325 6726 6978 2978 7283 1191 1528 3818 7505 819 3074 6344 2375 6996 905 981 7443 3836 7747 2008 6853 6052 251 7673 5613 1291 6935 7481 9170 6017 8047 4995 4996 1276 2089 7773 5009 2528 4939 8591 622 7279 7261 2249 8344 2334 8032 1549 3376 438 5449 6199 6757 5526 8519 1625 4660 0
5532 7027 2630 8453 1500 2914 4978 4417 8752 5546 7589 7705 324 911 3530 2375 2651 7597 4132 5274 7018 1810 4908 861 7920 9074 5009 6934 6136 7834 3253 53 2964 6757 3881 7050 6466 4466 961 8593 7949 3274 2129 9264 1572 7073 6976 4772 5338 698 5370 2737 7137 8278 5080 3333 3691 8344 6820 6823 8565 1901 7642 139 1904 4235 64 5380 729 2556 6862 4247 353 6852 3330 1353 2218 3377 966 2783 3372 5120 759 5128 3683 5698 181 2518 7261 1661 6289 4583 5999 9233 2531 3108 3717 1680 5857 3421 4017 6017 1689 6652 8865 1692 817 6325 4842 810 2278 1983 4287 6619 3502 819 540 827 6065 3143 5761 834 4632 251 4057 7438 8403 4915 2866 8988 4646 8697 3168 7548 6957 6663 574 2040 8032 6967 4959 1475 2342 1180 7021 5526 7871 877 0
7286 4983 611 911 2375 6426 1800 4996 6904 6735 6448 3253 2687 6634 5879 6757 2684 369 5029 961 9101 663 2696 5894 2989 2133 5318 981 5321 9245 405 7080 33 5061 5063 996 8807 3312 2503 4517 8074 1010 1606 3333 3691 7700 711 3036 3339 6820 1901 2484 3646 5380 5098 5106 8317 7933 5649 6564 6277 5984 5698 6379 6289 4278 8344 811 5716 7812 4287 2245 3410 1463 1961 8631 2177 6570 67 8942 8713 2494 6017 4875 6325 8889 4311 8320 579 1701 8091 2281 814 1705 2659 6037 4037 819 537 7440 5752 5753 827 6345 7222 6626 8669 4593 327 2077 8983 6935 7532 8988 8128 268 1452 1455 5146 7261 4376 8032 1906 4380 9015 582 8150 3185 5526 7278 0
6325 961 6167 810 811 6136 6460 8455 7735 8238 8988 5354 1642 8249 4047 981 3219 7226 5539 4762 251 6634 6429 621 100 5056 6799 2375 8380 8090 779 3405 1455 6740 8694 6139 8344 3717 5380 7705 8713 4157 3646 5526 9252 6833 8082 6836 0
6978 4684 883 1720 4968 5857 2629 4048 2102 6107 4686 6417 3921 611 1861 2375 8979 8470 4700 7314 2391 1810 1539 5009 6136 6740 6138 100 5867 2673 3253 1549 7046 6634 363 6199 6757 7638 6157 1103 7642 962 1367 7647 3583 9221 5040 7657 9114 8519 1577 7068 5049 981 4756 8898 7793 5621 6423 1863 5061 7083 5634 5338 115 4519 1606 3691 8344 4875 1901 5374 7715 6834 6862 320 3957 2470 8304 1047 3371 5116 410 3330 4261 1413 3983 6866 3079 1075 5128 177 5698 6333 2518 6289 8340 9218 7700 4583 9108 4849 7182 2812 614 4289 202 6589 3717 1363 4866 2494 223 4306 6325 4037 5274 810 811 8091 2284 238 819 8666 5751 6344 1997 5761 5764 8669 3833 9052 444 8988 1180 4360 4935 8615 8707 8603 7261 4376 8032 588 6387 579 4621 1472 7867 4389 5526 8154 8156 0
8806 9176 7284 5814 2278 811 1196 2988 3588 4037 392 676 4260 5684 678 3330 3617 4831 405 6710 911 2375 9001 100 2817 8736 7761 1079 7018 2729 4646 6289 827 5009 6136 8487 2245 6484 1392 7261 3691 6600 6820 8753 8032 4955 6757 293 4873 1243 5526 5380 2345 8156 0
3257 5289 4593 6709 2375 4126 1524 5271 8736 5286 9074 5009 6136 7040 3253 947 7046 2115 6757 6758 4462 7642 371 2978 7080 6167 4293 7360 4638 7068 981 3905 404 4499 1863 100 5068 2457 4515 3333 125 3691 8344 9161 7705 1901 447 5951 3648 5380 3650 8615 5782 4201 8899 2775 6859 8050 7761 1942 6289 4583 7470 2565 1959 2387 4862 3717 3421 3119 4186 6325 810 2278 811 8091 4287 3502 1023 4900 5764 251 6935 6361 8988 8123 3610 7544 5503 2612 7261 1854 8032 2890 579 1475 5526 588 1482 7179 0
6978 6464 5830 7891 2926 613 7304 2375 6426 5556 7526 5274 4996 5852 1538 3649 5009 5579 6149 8794 3260 1258 7941 961 7433 7949 5310 6174 7657 4059 9125 5061 691 5634 6800 2731 1004 7096 5932 4519 6515 3691 7700 3705 6820 2749 5380 6834 4542 8301 3058 6850 8317 4831 5122 5120 5695 5133 180 2521 6289 7324 3400 4583 5713 2807 2245 8065 3745 2533 3717 6310 6614 6017 6325 230 2275 810 531 811 1420 8093 819 827 9010 4637 2585 3764 6935 4625 8691 8502 8988 1451 856 8591 3176 7261 5227 8143 4492 1475 5526 2344 0
6325 5767 6978 3004 6840 2963 4968 1229 811 1633 3256 7137 2008 819 83 6853 827 2440 513 759 905 981 3376 6136 8833 2926 966 911 2373 4565 2375 6289 7449 4839 5771 100 5487 4201 5564 8047 3312 6631 6361 2191 1810 6344 1598 4777 2170 6130 4857 3625 3843 8591 614 5986 7261 3691 919 4831 1396 8032 6820 1528 437 579 3421 1482 4383 289 1901 6199 6232 2753 222 5526 2518 4875 4381 7657 0
1187 8778 883 4105 9027 6691 894 8623 8752 4120 18 611 6710 3055 7303 3667 2375 6634 919 8736 6726 5274 2659 3765 571 8081 2394 5009 6136 3246 6484 6149 1550 530 5023 2964 5300 6757 4165 5027 5885 5305 371 961 2692 7057 5894 7949 6361 388 999 676 7068 678 981 3906 7370 405 1863 3303 100 4725 1870 6017 5338 2729 1877 3617 4261 5641 5071 1312 8275 7985 1606 1885 3333 3691 7700 1675 1614 1701 6820 4797 4583 2186 1901 5380 6834 354 4239 6325 911 1528 5577 1633 392 4260 8317 424 3330 3219 6862 8034 1636 3677 5128 5985 2817 5698 6168 1079 7460 427 8339 6289 8344 1516 4317 2528 2906 2245 614 3426 4857 9235 1236 5724 3717 3038 1036 2549 6320 4875 224 8380 730 8298 5737 4311 7314 5175 810 819 2278 811 4287 4889 1705 5138 5182 3502 4037 5470 7973 536 6631 1714 1715 7379 1083 7225 3192 5753 1435 9052 8685 4142 6935 4065 385 8988 5212 8514 9017 8128 2870 8130 6883 6373 7548 2612 4372 8603 7261 6074 8032 579 5756 1475 1180 5526 2345 1183 0
6978 3507 7282 2 1780 6987 6107 317 1793 883 325 3055 4988 1212 2375 1524 622 919 1536 4107 6138 1550 7046 2129 652 2414 6757 9101 5890 6167 2697 4298 6362 7897 981 405 1291 5380 1868 3312 5338 6507 7390 4261 5939 3211 4789 3691 8344 3705 9161 6820 131 4797 1460 1901 4535 1033 3836 1626 8014 8615 320 8895 9114 6852 6267 6856 1935 8327 759 5696 5986 765 7261 8050 6289 4583 7772 5436 614 3107 3717 3421 4605 4875 6325 1863 2288 810 811 4287 4037 819 8666 8673 5761 7225 3192 834 9052 7438 3738 8405 6179 5218 857 1857 4867 901 2879 2232 6888 8032 8645 579 7862 5801 5526 588 2337 0
3818 1785 8238 898 5542 5831 905 251 3836 3055 3531 4123 2375 6426 621 1524 622 919 5274 6124 2659 6040 3855 4347 633 5009 3868 3253 4455 7929 1441 2115 1250 6757 8219 5595 7939 7984 2748 9096 961 966 2700 2989 9114 6188 981 680 5323 3296 5335 4201 3312 5338 5636 7386 115 2462 7983 1606 3333 3691 8344 3339 6820 438 1901 1625 1528 8020 6853 8317 9194 3376 4580 1386 5409 5120 6285 4574 6289 4583 969 3699 3871 2245 7781 3717 3719 2284 8942 8032 8705 6017 7798 1114 6325 4028 810 811 4287 1705 4037 8666 827 834 8678 2306 1435 3837 8403 6935 257 8988 8123 8697 7068 2870 2028 3096 1168 7261 574 867 1175 6834 1475 1180 5526 0
6325 6978 2783 8296 5739 3890 810 5002 8162 2281 4547 8031 1920 3502 465 8310 3405 8988 8242 1428 5184 8249 6782 6136 3003 9162 4762 6139 6947 2375 9052 5894 484 2563 6757 2691 6799 6800 4908 3857 7068 4213 811 7849 3171 2736 1455 4287 2245 100 5582 3710 3691 8344 8558 2110 3109 3717 6820 4663 1106 8713 1901 1475 445 961 4157 6620 5526 7494 5380 8146 0
961 4475 4287 3484 3589 3374 2998 1455 981 4762 2375 5982 8328 4348 8988 186 4929 6369 780 6136 5290 5456 4375 8713 6820 5655 3799 8942 8763 5526 5380 0
6982 4968 1495 1497 8453 898 5826 2636 8749 5040 2926 4245 911 7303 2375 4700 5274 5567 7605 7021 4876 2663 8773 1689 4714 5009 6136 3246 1633 4455 1241 2673 3253 1573 8526 990 6757 5026 2436 961 9138 966 7949 9108 2988 1674 5898 6177 8988 8519 83 5616 981 2715 5740 4499 8838 3310 3312 7038 698 6265 8854 3326 122 7147 8344 4221 8367 4796 5655 4228 1798 1901 3658 6832 5380 6834 4238 6902 6690 3053 5066 3055 9100 6844 5108 466 4123 6853 1645 4831 9018 5120 2787 507 487 1079 772 3092 6289 1947 4583 1268 782 2245 614 6301 8065 2249 3717 5698 3113 3114 8942 7792 2494 7797 6820 131 8861 2518 4875 3493 3502 6325 7807 2507 4313 810 4276 811 8091 2284 1131 2568 4037 819 537 6344 827 6623 7225 5476 8002 7783 6634 8685 7919 6935 3824 4070 2145 1446 633 8130 3786 6654 7546 7548 7261 6665 8032 1760 1625 6674 1475 5229 1180 3503 5526 4100 0
3547 7282 883 2054 1495 6136 6464 5579 900 6887 8752 2370 251 2926 2375 6426 7597 4996 5852 6730 5281 5855 1815 7433 9074 5009 7617 7618 3561 50 1551 2129 3260 6199 6757 2976 659 961 962 7645 1061 6850 3274 5310 2429 511 671 8988 8519 8942 981 405 8840 3312 5338 6800 2731 6801 7096 8854 7153 2772 3691 906 9161 6820 2749 2476 6229 1901 6232 5950 144 5380 4542 3956 1528 8020 3058 466 410 7657 1645 3330 4831 5120 6862 754 8036 9204 759 5156 5698 2521 6289 9217 3400 4583 7779 501 7587 2245 3426 3717 4866 6618 513 6017 4875 2568 6325 4037 230 810 811 8092 8093 1705 8380 238 819 6759 827 6045 5761 4633 8907 4419 7526 4914 6935 4625 4921 3161 8697 2870 5220 1456 1233 2032 7261 574 9124 8032 8645 579 2042 1475 2342 5526 7871 2623 0
6090 6978 883 7284 898 6107 6108 4417 5544 4793 2245 3836 6115 2375 8764 919 8736 6121 5274 7911 1810 9076 2102 4982 4455 5298 3569 7046 955 6757 3881 2419 6150 7642 961 9101 6762 7949 9109 511 5045 7660 5048 8519 83 7068 8252 987 4502 99 3067 3312 5338 7386 6800 2731 3022 4778 5071 657 4519 7137 3691 8344 6819 6820 8988 717 1901 8142 5380 6834 730 1528 9009 9102 3963 1047 2768 6850 4824 6853 410 8318 6862 4030 1386 5120 7761 770 7460 1083 6289 3400 4583 6615 3100 3224 9301 5151 5719 208 3717 5445 67 1403 6017 714 4317 8365 4875 2568 6325 230 810 3444 811 2565 4287 2284 3502 238 819 8666 1137 9271 4631 6629 4749 4593 6674 2014 6935 4752 1444 6362 8514 6651 6657 7261 971 574 2334 8032 6387 6971 4641 3405 5526 9300 4099 0
6978 8454 3204 2364 696 8752 3216 4123 2375 2377 8469 8474 3230 6124 6904 7914 6138 5012 8491 7926 5879 9304 9096 2124 5040 1569 8514 3374 676 7664 981 2449 4501 4201 7972 3312 5339 2730 5071 9147 6534 5935 1606 3691 8868 6820 6526 7404 1901 5380 3951 8453 7136 3531 6853 8317 3330 7743 6858 3485 2518 6289 2803 190 5714 4003 2245 8065 4861 3717 3422 8648 7200 8265 6325 810 2279 4287 4890 819 820 539 825 7247 7225 3856 8988 558 1165 1454 6660 2881 7261 5953 3181 8151 5526 2623 0
5808 6978 7282 7286 6136 2636 8175 5718 2375 1801 1863 920 7016 4444 6739 4455 1550 7046 3572 6757 657 6758 7642 1629 9101 1061 7949 8245 7060 2989 678 981 1738 2917 7673 4995 100 3013 1300 1349 6017 1881 4261 5356 3691 4224 1897 5371 6834 3049 8615 3957 7735 8898 3269 3330 1354 1065 3382 7159 6285 8047 4583 5712 3102 2812 4857 6589 3717 6819 1301 6820 6325 5274 810 811 4319 2284 8380 4866 8385 827 3758 5475 4593 9052 6935 2866 385 8988 5212 4360 2028 8701 7261 6781 8032 7564 1180 5526 588 8156 0
961 963 6987 6136 2284 7657 819 3374 3475 6703 1455 4762 4766 8988 2740 6369 3702 3704 1633 7261 6664 8713 3878 3422 5526 5380 0
6325 3662 320 5274 1069 810 2278 811 8167 2768 819 392 1713 4260 8317 678 3330 9007 251 1514 2008 2375 1863 7674 3388 6935 3312 8123 6289 8050 1600 857 1953 4261 4656 8784 8032 588 7046 2284 5801 6017 2969 2550 1974 5526 5380 589 0
5240 5812 6978 7370 1189 7476 883 4676 4968 39 6317 4856 1495 714 1497 6460 4169 4976 6411 900 4116 6414 5831 8129 7267 6421 5719 7897 6710 4909 21 328 2375 6426 1638 5421 1070 919 8766 6685 8736 922 6726 1808 4996 6904 5905 7019 1810 3674 6862 8260 4952 5457 346 3555 4546 5009 5288 6136 6138 6484 6140 2672 8491 6453 4455 5298 1243 5875 52 53 3572 6207 6757 8220 1832 7642 5209 6301 962 4471 966 2411 2212 2456 3421 4835 4597 1897 1108 2991 7657 6176 6177 8514 81 2437 4751 83 7068 3663 981 7654 983 8830 682 6787 2636 405 2716 8362 1863 8835 4196 8837 1868 4770 3312 5338 4929 1877 1254 8270 676 1311 7389 2278 8853 1689 3926 4261 6218 708 3333 3691 8344 1846 1354 8559 9161 6600 6820 3937 132 5090 224 7211 1620 7772 7710 3771 140 786 5991 5380 6834 8440 8453 6105 2232 305 8299 8888 8577 3058 1633 1047 4629 9101 6124 1636 466 392 1362 5968 3912 4260 6039 2776 6266 3330 3280 2931 1932 5982 7748 3983 5408 7153 5120 2786 759 5128 1368 9208 6280 2817 5698 181 2322 2518 1079 8337 9215 6289 9217 4886 2524 6575 5144 4583 811 4282 1388 5178 1655 200 2245 1392 9233 4857 9029 8788 4863 3717 2537 7789 4866 71 3425 3422 797 7794 6017 3122 7761 4875 2181 1976 8380 6325 8915 8372 7369 579 810 8809 3094 6615 8091 4287 7190 2284 2659 3502 4037 819 8926 288 4965 3671 5754 2298 5761 8971 1021 4437 5764 1901 8680 251 839 9052 7438 189 8983 8519 8118 6938 1576 8612 8988 2989 910 4589 6647 8128 6486 5500 7248 2870 6370 6376 8707 7261 4375 6074 2733 8032 2615 9011 2617 1625 3184 5281 1475 5523 7776 5526 4662 2345 590 0
6641 961 9101 963 7131 1780 810 3197 4849 889 7383 7657 819 1023 8615 825 1130 8255 7068 6138 3330 9195 981 70 4323 5521 5618 3333 4055 6289 1863 5380 1810 99 6935 6202 4201 7972 7534 8988 8050 8771 100 5721 115 8482 1887 588 7544 5071 1524 1606 5718 4590 7261 2395 3705 2008 3717 6820 4797 7046 1482 5479 6317 4434 5526 4167 2344 6834 0
4103 4688 2 7699 1493 6464 6107 4686 8175 317 905 614 328 2375 6426 7009 1036 5274 6124 6619 7021 4347 633 6542 7881 6741 6742 3868 2954 7929 257 366 2419 9096 6237 961 9101 7648 7949 3274 7061 8512 9114 7068 981 302 3296 405 7673 4502 99 7379 4201 3312 5338 7798 422 115 117 7394 9194 2772 5361 1612 3705 1897 4876 1901 2555 6834 6533 5956 151 3053 7420 2765 1386 1606 392 2502 7439 1645 3330 3376 3381 1800 2814 1107 6289 3855 8922 8344 4583 3096 6887 2245 7781 3034 3717 6310 3719 5448 6017 6820 3502 6325 5738 810 8917 811 4287 7505 2284 8378 8380 4037 8666 6344 1140 4898 7225 834 251 6935 7336 1441 2691 8988 4929 7850 7548 6657 7450 7261 3490 8032 579 1625 1035 1180 5526 8156 0
6325 6978 963 4311 2917 3957 1528 819 7949 3274 6446 8238 2284 5696 3502 7261 742 7818 9114 4623 8898 6853 4687 1575 6138 3921 981 4230 6626 3836 5764 588 5408 5293 328 405 6426 1863 3426 4995 811 4870 100 3991 6866 8047 7089 8988 2375 5274 6289 2812 4261 4583 5500 1363 480 9074 7137 6740 5789 7587 2245 6935 9232 4857 5295 4375 8674 6965 8032 223 1681 7046 8615 4602 1901 6232 7564 1180 5526 1832 6834 7642 0
6978 1777 882 8778 4968 4404 2354 6690 1502 6106 3007 317 2920 8755 7594 4123 2375 6426 9052 3768 919 2084 6139 4225 3851 2659 8382 1810 7021 5281 2095 347 5009 6136 4660 3246 7083 5012 2657 3252 4157 6634 2114 6757 5884 4462 5008 9192 2698 7949 3421 408 7840 7657 7292 4482 6799 5048 1850 7068 678 8249 981 4762 1288 1446 2149 6496 100 4725 2724 3312 3314 5339 4829 5344 5072 1605 1606 1312 6221 3631 3691 2946 6820 1901 6232 7122 4145 8570 6834 1626 4025 9178 911 961 3657 4818 4988 7146 1061 6551 1644 7149 5080 3330 8592 6862 5126 1937 1658 1107 1545 490 6289 7676 4583 5226 1951 3405 7182 8624 2245 8064 7613 5723 3717 3419 4866 2284 8942 8713 1897 5170 9253 6325 4026 5172 8372 579 810 4315 811 8091 1705 3502 819 827 5761 5764 5767 6350 4910 2381 8685 8689 2019 8121 8988 5213 7465 6947 4929 3171 1455 1168 6260 7261 7262 1677 8032 5380 2335 6625 3105 3181 287 3801 1765 1475 5526 7111 1482 1483 0
6325 4171 2692 4311 4692 810 7948 7949 6250 4597 2284 3062 3502 819 4553 537 7303 3908 8175 3826 5684 7068 7587 5938 981 2375 1718 3529 6862 3380 403 328 8327 8978 759 3535 8685 4700 484 5133 3227 8118 4705 3312 113 3615 614 1304 1163 1180 5831 4583 1602 3755 5009 6136 1456 4287 5222 1893 4455 7261 3691 8344 8780 4528 208 8032 6820 5165 9248 1689 2850 5526 2518 6289 7642 7657 0
6978 592 7282 883 1780 8160 1497 88 4415 3921 7705 3836 328 2375 6426 5265 1823 920 5271 4995 6621 931 37 6136 3246 5629 7310 4157 7346 9105 2454 6308 5880 6757 7642 6159 1262 5034 962 7046 7949 9221 1269 6361 8658 6184 677 7069 5906 981 2142 2501 7370 4496 6788 5621 1863 5625 5332 6497 100 1592 1349 3312 8297 1309 7981 3924 1332 8856 123 5355 5356 3691 8344 5363 3339 2544 6820 961 4797 717 4607 1901 5661 445 7537 3349 5380 1625 731 7446 8574 3957 7420 2765 8304 8498 6254 7735 8898 4261 4831 1356 9198 6862 2317 6865 4182 8329 5696 3990 5698 1107 8047 6289 4583 7772 7177 7179 2812 2245 8627 4856 4857 4858 7613 2837 3717 1103 4866 3421 181 8942 6317 1303 4186 8646 4875 224 6325 3740 810 2564 811 4287 2284 7210 4037 819 441 4627 5761 3192 5764 3833 2857 8685 6445 1439 6935 385 8988 5212 3164 266 8697 853 2184 8615 7261 574 8032 576 5432 6834 4383 4902 5526 588 0
6978 7593 4400 3200 2636 317 6703 911 2375 6426 1800 919 4133 2089 7029 9074 6136 943 7040 9083 2677 1832 7642 3272 4739 5607 4059 7070 8530 5621 2929 3312 5338 2730 113 7700 8559 8561 6820 228 717 1460 1028 6834 1633 7154 6862 5692 5696 5698 5699 7171 6289 6290 495 1094 614 504 3717 1400 3422 8942 8705 6017 1689 5170 6325 6226 810 811 4799 819 4332 1430 5761 6633 9052 7438 8980 258 1736 7548 7261 5512 8430 3493 5526 0
961 4287 1455 9262 9184 8713 3374 981 6238 4762 8988 4141 8128 5429 6369 6136 6138 7261 281 3635 2284 9244 5526 5380 0
8014 4311 810 1633 2429 2284 3203 4624 250 9123 5380 981 5408 3382 6715 2375 2929 6634 8265 2858 2691 5338 8988 4211 2028 2528 1455 1544 2245 4605 7261 8713 6820 3717 3722 8032 6757 4071 5526 4875 6834 0
6978 883 5539 3921 1907 2375 1863 920 5274 1810 3236 5281 1816 8775 3191 5009 409 6740 5864 6138 7046 1871 657 1832 7642 371 2978 8593 8507 7657 1123 8239 6183 83 2710 981 8898 3607 7598 7677 100 411 1349 3312 4519 5648 3691 3632 6820 8565 6834 1626 3957 8304 1633 8036 7735 1642 6853 4261 6862 2783 3678 6869 5698 7761 8615 193 2812 3411 3717 3421 8942 6017 2518 4875 6325 6024 1413 810 2278 811 1131 3502 4037 819 1714 2581 7919 6935 3836 8988 6185 4646 3787 7261 8032 1475 5526 588 8156 0
961 7200 8988 8713 1311 6369 6757 1455 4375 1134 5580 5380 3374 0
6325 961 4735 1290 4287 819 2360 13 3374 3527 401 2375 5991 8988 6369 8420 1455 2102 200 1391 8713 6820 8942 4953 6757 2180 5526 5380 4394 0
6325 8731 7813 6136 2284 3502 819 537 5401 9123 8032 405 7225 6862 911 1901 2783 6715 2375 6634 7752 8265 3312 778 8988 6289 4211 2463 5009 1455 2244 5403 2953 574 1240 8713 1897 8073 6523 9015 6757 7959 1689 5526 5380 8223 0
6978 1487 7284 8238 4417 8282 2926 2375 4426 9052 919 5275 2943 633 6740 6139 643 2129 9096 961 9101 2427 383 2989 7955 86 984 3005 5618 6202 7379 3022 7440 7388 1606 7108 3333 5939 5361 438 1024 2483 5380 6834 6249 6513 392 6853 4260 8317 3330 6856 6555 6862 5408 7249 172 7760 2518 3691 7175 7468 2245 3411 208 3717 4866 6017 4875 3502 6325 3736 8372 811 4287 1177 4037 819 6634 8402 6935 8988 5497 7850 2876 7261 5798 0
6325 961 1780 5670 8238 819 2133 6995 316 1927 3330 3374 5699 6757 8988 9139 4846 6369 7102 1455 7618 8351 9002 3691 8713 6820 799 1308 5526 5380 0
6980 2 2054 892 895 883 8882 7705 3707 3836 3055 614 2375 1800 1217 8513 335 3148 7618 3246 7632 6757 961 8593 3274 8507 2989 7659 8520 7068 981 7370 1289 4729 115 5939 3691 3035 2102 6820 4797 1901 622 5380 325 1455 5111 392 3330 6862 5986 5699 2518 6289 4583 3097 7185 4007 7480 8570 511 5448 3728 6325 9256 810 6910 811 2284 4323 8380 4037 819 536 5751 1711 7225 4342 9052 841 5483 6935 8988 2318 8529 5499 271 8505 2325 7259 9299 7261 4590 8032 4807 1625 5526 2345 0
6978 1781 1159 5824 6994 4418 8152 3836 3708 735 5842 6634 4700 1526 2024 6587 4996 6984 2375 4714 5009 6136 940 6138 44 4455 9083 3874 1550 2454 6593 653 1829 955 6757 3881 961 962 271 966 3890 8812 6502 3421 7383 2433 5354 1848 7068 981 8413 4493 6490 4762 5055 405 1861 4499 1557 1592 4772 5338 3018 5274 7688 3625 8074 1606 6222 3691 8344 1354 6820 4473 2028 6230 442 5489 6324 5380 6834 4542 6837 1039 7420 2659 2098 6513 6714 8585 7657 8900 3375 8588 4831 3376 5688 1933 2509 480 7751 7453 767 487 6663 6289 2525 2807 1388 574 7587 2245 4854 3426 113 4857 43 1245 3717 1263 2540 181 8942 8713 3723 8079 4605 4875 144 6325 1359 1469 810 811 8091 4287 7946 2284 4323 3502 819 4893 5120 3054 827 5751 8391 834 5764 1901 6052 251 9052 7438 6935 7837 6361 8988 6063 8128 1745 7252 5220 1455 8707 7261 4375 8032 8645 9011 1471 6674 1475 1180 3100 5526 0
1484 6978 7282 883 4968 5689 4971 1495 6101 6464 2634 3521 8744 6107 4116 8752 4690 6138 9041 7905 4593 786 5259 4123 6715 2375 6426 1800 7596 4131 5093 2542 6726 5274 7019 4140 7021 8566 7028 3243 9074 5009 4446 5579 3246 7308 3248 5872 3245 4455 6486 2129 3260 6757 7258 5885 7984 8805 5128 966 3890 7650 5894 8814 5895 5310 950 8031 7657 3374 4059 83 7068 4489 981 4602 5909 2731 6853 405 1797 8760 407 6496 7083 692 1349 5338 7859 7977 7387 115 1793 7096 7394 2504 7737 9156 7700 2870 3635 6820 5368 2749 7137 2187 1620 1901 1513 5378 5380 1625 1626 7420 8622 1633 461 9184 6850 7031 6714 5683 8317 3330 7152 4831 1065 6862 5408 5409 2216 7920 175 5696 8601 180 9170 2518 8338 2521 6289 5210 5578 4583 1418 2807 1952 3591 8140 1789 2245 614 1913 1755 7524 505 8093 3717 1103 4866 8188 7490 2494 6017 961 436 3123 7802 6325 4311 230 3443 810 811 8091 4287 7295 2284 4037 819 1710 823 2027 6344 1998 5758 5761 3192 834 8857 5764 4375 250 251 9052 7526 255 6935 5207 2866 3400 8988 7243 1446 4927 1180 3478 1451 6227 7850 3691 568 726 6378 7261 7263 574 7293 5514 8032 8645 1760 6387 9011 4031 6834 8147 1326 5215 5526 3027 8156 0
6978 5530 7284 5816 8171 5923 9040 1514 7005 1799 7308 7311 8736 6771 4723 8215 9093 961 2692 5894 6850 3886 7657 975 9117 392 676 981 3005 6197 405 5622 3312 5338 7387 115 3328 5080 3333 3691 3635 6820 4530 3376 2476 6055 1625 8535 3058 155 7735 4253 5900 4260 3330 2375 1065 2762 1649 2512 6296 7761 185 6289 9217 4583 4847 9224 812 2245 3717 5167 3435 6325 1616 3439 810 811 4287 7658 3446 3502 819 2580 834 4340 3762 6718 6935 6361 8988 8697 7261 8032 3184 8619 4390 5526 2345 0
8047 4396 2488 1628 883 7046 8942 6406 6713 4037 819 9114 5950 6260 410 2710 4261 981 8898 7671 5408 9203 9052 2929 6718 1863 7308 621 99 100 2383 7311 3545 3312 8988 6289 3166 115 6294 588 9224 8615 3871 2812 3333 7310 7261 3691 6889 7099 8032 6820 1363 4159 2284 370 4383 3717 5954 657 5526 8080 5380 7052 0
961 1528 3374 6493 7894 1434 72 8988 5495 6369 1455 6255 2245 3414 8713 4876 3422 6757 1181 2420 3948 5380 6834 0
6978 6688 8238 6992 2375 3538 8513 8188 8190 8198 298 8206 4718 3567 2413 1259 64 66 2605 503 515 5254 5901 83 5904 7068 3601 3607 94 4765 99 4871 113 713 1314 5939 1320 802 2483 2484 1334 1335 4815 3657 941 1346 353 3330 7152 2509 3372 174 3681 4840 2518 5992 8343 8135 4849 195 8347 4851 3704 207 8356 3717 1398 4703 6017 6019 1021 225 6432 230 1991 6033 2570 1727 2579 8388 4898 4901 1433 8460 4917 8407 2596 6060 1446 1449 1455 1456 7261 3794 1677 286 1471 1475 834 4968 8454 4169 8456 3955 6107 2636 3827 3828 4472 4986 4988 1517 7315 1534 3864 6136 7329 6138 1546 7333 2677 2680 6057 1561 5038 5041 3895 5043 7360 5048 393 2709 1577 395 2714 7368 7370 403 405 33 2721 8545 1603 8552 150 428 7137 2739 7396 170 4168 6232 6236 3952 4783 1633 8942 463 2783 5111 1641 1644 473 8589 5122 8594 5125 1654 5131 7455 5137 2838 6289 2111 2803 614 7479 7485 508 6321 6325 1697 1699 3101 3110 4037 8666 6344 4043 2850 1723 6349 2858 4752 6367 2870 4076 4077 7548 8707 8040 8710 3188 574 1755 8074 7559 1482 4095 4097 8395 2906 8735 1275 8252 1797 1417 6426 1802 8765 1805 2937 626 633 2950 2951 646 3898 4044 5304 1832 6237 1838 1839 2989 7657 4059 1848 8826 8708 1764 8833 7463 6495 6496 691 6500 1872 4416 7683 3021 1500 1889 7698 2804 3035 7703 3037 714 6525 7707 1901 5380 6533 9045 4252 4461 3066 5402 4350 754 5408 1934 759 4570 4579 6220 1947 543 3871 1958 7785 7791 4768 6604 4304 2465 2287 1978 715 4311 810 4316 811 4318 814 8962 819 1134 827 7822 264 4936 8972 4339 3149 7831 5487 5036 851 2025 8999 2033 4375 7339 8032 1144 6674 5526 573 883 3867 4408 7885 6701 3210 1987 6709 3053 3055 4430 919 9060 5202 2089 9067 4445 5531 2102 4449 943 4455 3469 3253 4456 4458 956 957 5595 9094 4463 9097 961 966 7949 6769 3473 2131 4482 2134 5616 981 6794 6757 3312 3603 4519 1013 6813 3333 3691 8344 6820 6022 7997 5659 1030 1031 6834 2194 8453 9179 1528 3362 1552 9303 6853 6854 2218 1064 6862 4563 4583 9109 1789 2245 2249 2250 4596 3421 5726 9245 9257 4284 4287 2284 3502 3449 2292 1763 9268 1139 2298 5761 2304 8106 5768 6935 8519 1154 9111 8127 6949 9290 3480 3484 6956 9212 8141 5798 6052 9311 1186 0
6325 961 8957 8452 6136 77 3374 1427 1455 981 2375 834 4762 5120 4989 2518 30 8988 3445 698 6369 3170 3704 6887 7261 40 8713 5380 0
6325 6978 4028 3053 5016 811 2098 1544 7548 2284 6847 3502 4037 5505 1334 5398 6853 6138 981 3376 3836 2583 5764 6344 2375 6426 7009 408 1524 6935 7481 693 4201 995 6285 6726 4995 6124 113 8609 5274 6289 4440 4209 35 7390 8403 8207 1456 3691 3333 6582 7261 7699 8344 2332 3253 8032 6820 5761 7814 2115 3572 622 3042 5200 5376 7798 5526 4875 8012 0
5860 883 4399 7284 1191 7699 890 2488 6464 1327 317 7142 5040 905 4984 3055 1456 4123 2375 1524 919 7311 6361 2387 4996 1810 4355 931 2947 6734 3186 8737 6136 6740 3253 6746 4455 7340 2409 7046 2412 2115 3879 1829 6461 6757 8800 1832 7642 962 9138 2478 966 1069 7949 2989 8644 7657 3991 7068 981 3602 6490 6199 5330 4995 6201 6202 5335 4201 3312 8697 6800 5929 2320 7386 8317 115 7390 3300 4519 7137 5403 3333 3691 4831 6820 4876 438 3922 717 323 1901 443 6834 4238 6325 6538 151 5957 8302 1339 1633 1047 2692 3059 2497 466 4613 392 5398 6853 7740 422 9151 3852 3376 3671 6862 2509 5408 7980 6869 2514 5986 5132 7462 6289 2699 4000 8925 3871 1955 2245 614 4857 7784 3717 8942 7491 3724 6017 5100 1407 5733 4875 1114 8084 4028 5274 810 8917 231 811 1419 4287 4032 2284 3502 4037 819 8666 6759 827 1998 5761 4593 5094 3465 1475 6935 7336 9286 385 4929 8128 8414 7850 7548 5505 8591 8707 863 7261 574 1914 8032 579 6674 4386 1180 5526 1626 0
3547 4399 7284 6429 2353 1495 6107 6006 1506 5923 6703 3212 3836 2927 911 6712 5552 115 2375 5555 6634 619 1523 919 1036 5943 4137 1810 6441 880 8778 6136 6138 1238 148 4151 8491 1547 4155 6145 7046 6960 1250 2415 6757 5884 1832 9096 7642 4467 961 962 7057 8593 7949 2701 7203 8644 7358 6176 5317 1620 3991 83 3333 678 680 9126 3906 3004 6787 7374 7677 2454 4771 7381 5338 2156 1689 4210 6211 5644 1311 150 3329 5648 1893 6222 3691 3339 5653 7345 7801 4230 1901 445 5379 5380 6834 8654 2736 3052 8888 5352 9182 1047 9101 273 5965 6853 2271 7440 3330 4831 3219 8322 7748 617 5408 1362 759 763 6281 5698 2232 4576 6289 3399 8364 4583 1789 2245 3411 7786 208 3717 2231 6310 4866 5181 3422 8941 8643 6820 4875 2264 1705 8380 6325 4611 4311 230 810 3134 2278 811 8091 4287 2566 2284 3502 4037 819 7215 827 5946 238 3145 1534 4340 2008 7829 9052 2654 7438 8983 6935 7531 2315 5492 7534 8988 265 2598 2870 6247 1707 1456 4369 863 3176 7261 574 4376 8032 6967 9011 4665 1471 6489 582 1475 5526 1842 879 0
961 5274 9255 327 1047 5250 6260 3210 3836 9015 2375 7008 5128 9280 7677 6935 2454 3312 7315 8988 7243 4583 2765 9074 1455 6887 3691 8032 6820 1550 9011 8565 8942 8713 1901 6757 5526 5380 0
6978 3509 5814 5815 6987 8165 5822 12 2364 2492 8178 2375 2377 8933 7011 3709 7014 8194 2391 7021 4711 3552 36 4714 2400 5864 2402 7045 7046 383 2414 2415 7053 9138 4736 3584 4741 3374 83 1281 7068 3605 3607 1291 2449 1297 102 2454 3615 1306 5930 115 7098 5935 1974 7109 8285 8353 2831 5950 3646 5953 8299 7136 1341 3531 5965 8317 3330 169 4831 23 7986 8327 174 175 4724 1102 181 5991 2518 8336 1376 5995 1454 1383 7170 2175 7176 6003 7182 200 201 4856 4857 4861 2535 3717 8362 6017 2550 1406 224 226 7204 3741 2566 4890 3734 8380 238 2570 8386 1620 7225 8394 8396 4908 8403 4917 5280 262 1448 1597 7247 3927 6066 1452 8572 2608 1458 8603 7261 281 8645 288 5883 8435 3803 2619 1475 2623 1483 6089 6874 7284 1490 4968 1492 1495 7287 1497 4974 4620 317 1509 325 6634 8469 1523 1524 8474 7311 3849 4995 4996 6619 1534 3856 5005 6133 5009 6136 6138 3868 5012 8491 358 2363 1550 6960 9184 2684 2685 2693 6642 3890 380 1247 4597 4443 1569 6177 8514 7360 6914 8519 7366 5879 398 7370 6853 6199 5061 3916 4929 5156 5071 7390 3924 7137 7846 1609 3931 7448 4876 5090 6228 7404 6230 6232 6234 3951 1626 3059 7420 1633 461 6253 68 392 8846 2777 1648 2783 6273 8599 5128 6281 278 507 1662 6289 5206 2803 1666 4003 5148 8624 2813 614 6301 7613 6305 7654 8638 1689 8648 7657 6325 3071 1700 1701 1705 4551 5183 4037 1709 537 539 6344 6593 8675 1719 2856 2857 8685 676 7952 4070 8697 558 2870 678 1748 6376 7551 2881 574 3443 8873 5234 2905 7577 8740 5250 2917 1571 8751 7591 5719 4123 617 1397 4135 5274 6904 7604 7607 2944 6439 7456 5287 8444 7615 7621 4012 2960 1145 652 4164 7634 4166 1832 1834 5311 8634 6896 2992 8847 7664 7666 1861 8760 7677 7294 693 1870 9248 5338 5339 1877 1040 7696 5040 6515 2804 3035 714 6526 717 3041 1901 5375 7712 1905 5380 3836 6533 4239 6536 4241 4242 6539 3053 3054 9046 1918 1920 6550 7743 5406 7748 755 8906 9196 3079 759 7762 6573 5423 9313 8473 3426 7788 3115 3116 8942 5449 2597 1897 2465 4791 7803 4311 810 8957 811 2659 5468 4326 819 2517 827 828 4334 1999 3357 8971 6626 834 1640 2013 4349 2018 8985 5491 8988 3166 5500 2484 2750 3482 6660 6661 5573 4375 8032 3181 4383 6674 5526 4117 879 883 8105 6703 911 3216 4425 6140 919 6726 4437 7914 7916 933 5574 9074 938 9076 3468 944 4455 948 7930 4254 3657 6757 7984 2124 962 1061 966 3274 362 1123 9114 3287 977 981 9126 5821 5837 4499 4501 3312 6803 4519 2504 3333 7988 3691 8344 6820 3730 5655 6825 1029 8004 4537 6834 8453 6105 5668 1528 8020 7548 9101 5408 1059 8028 1065 8034 1386 7453 5696 5698 5699 1078 1172 5704 4583 3402 5714 5716 1774 5717 2245 9233 8065 3421 3422 8335 3428 9251 4201 9254 8085 1118 2272 1121 4089 2279 8091 4287 2283 1968 1131 3502 2284 4350 2298 5761 5764 9052 5771 6935 3991 8117 6940 8122 190 1165 2199 1167 3485 2232 2333 192 1177 2339 1180 8155 8156 0
6325 6978 962 3736 7284 819 811 9101 4037 5354 8238 392 8963 6415 8317 3330 86 8282 609 6862 3005 4426 7249 2375 172 9052 8402 6935 6202 7760 2518 6856 9213 8988 5361 7386 633 115 8616 7850 1606 6513 6138 3333 5939 3411 3691 6853 6555 208 3717 438 1177 9096 6017 4875 6834 0
961 810 2493 5042 1705 600 819 6107 3374 1455 5120 3906 4762 2375 2015 8685 4915 385 8988 8481 6369 6136 8713 4796 5526 5380 6680 0
6325 961 1695 2564 7657 9115 3374 1644 6703 981 8025 5380 8988 6800 6369 1455 5506 8713 6820 1901 6757 588 0
3510 2349 883 1191 4968 3197 9036 898 2636 4593 5551 5840 2375 7009 9056 1524 622 919 4995 4435 6621 8389 2942 8423 6130 6136 3253 4455 5879 8496 2419 7638 2978 9138 966 3274 2989 4024 2436 392 8519 1283 4490 981 680 5212 1861 5919 7677 7977 1276 5274 7798 5343 1600 1604 8856 6758 3628 3333 3691 7700 1897 5092 1620 1901 3642 1625 7724 1528 7731 2783 1456 1056 3664 7439 8317 4881 4831 3376 6611 8036 7249 6870 5696 763 2518 8344 4583 2245 2938 205 3717 6310 6013 2823 2546 6017 6820 6021 8082 3502 6325 8320 230 3740 1122 810 811 4287 2284 1421 8380 2288 819 827 31 1615 4634 251 9052 8685 1728 6935 6641 7245 4365 6846 6656 7261 8032 2335 9011 1764 8718 5526 296 0
6978 1625 5810 883 6986 6464 1501 6695 6107 5542 3921 3836 328 2375 253 3697 6723 6124 2659 7914 3555 3191 3797 3870 8810 2677 949 2964 6593 653 6199 6757 7937 7642 7419 7488 4173 966 7046 7948 7949 2700 7534 7657 8988 8515 1641 8123 83 7068 981 2447 7370 902 405 1861 8760 1863 4502 3010 100 102 3310 1067 3312 4929 4996 6945 4520 4261 5648 5939 771 3691 8344 1354 2178 5086 6820 1901 445 3074 4542 3957 1528 4252 392 8898 3029 3330 4831 3946 1065 6862 3983 6394 7261 2846 6289 4583 7772 2812 2245 4857 9234 7480 3717 4598 2540 2541 8942 1175 6017 1303 8645 8649 4875 6325 5469 9011 810 811 8091 4287 4320 814 2284 6619 3502 4037 819 6482 827 6065 7223 5761 8971 6684 588 1723 251 5768 842 6935 2866 6361 4070 4924 5212 8697 579 8615 7548 7256 8707 3176 4659 574 8032 8143 5796 1762 6834 6674 1475 3804 1180 5526 7280 8154 879 0
4671 6978 5809 4674 5816 2355 8172 8174 6995 3524 7132 5835 1211 2375 4698 4700 2384 7019 4903 4908 33 1233 4714 7031 2400 3838 4721 2405 9077 2410 8215 2414 1255 6012 4735 8231 2429 6187 4743 7062 8244 83 7068 2442 7076 7077 7080 5919 98 4980 99 5924 103 2457 2458 8271 4778 7697 3624 3625 740 2466 5403 7767 3632 4791 1324 132 2476 850 2484 7126 7131 3657 4816 8308 5706 6425 5968 3330 1354 8001 2509 3372 1800 174 5985 8331 3683 5991 2518 8336 5995 1382 433 811 4848 3699 199 7331 7093 3717 7194 4866 6017 6820 6020 6024 7092 230 819 1381 8380 238 1424 2572 6044 4898 5276 6048 2583 6052 7234 8403 260 3773 7242 6059 1446 4929 5474 2604 1456 8603 7261 4945 3795 6077 8645 8436 1475 8437 1742 1479 6627 8394 7282 4966 7284 7285 4968 1037 1495 1497 4976 2636 317 4203 3760 5040 3562 3836 544 2648 328 3840 6578 4302 4995 2659 7316 2660 2661 8981 8481 1539 1540 2666 5009 4403 7328 6138 9048 3363 6145 8494 8023 2684 2691 1561 375 7351 6177 8514 6180 7360 7362 4638 3991 1577 2330 8797 7370 6197 405 20 1589 2720 5064 8539 6205 417 1598 7390 8552 2736 5080 7399 1611 2744 4876 5090 7406 6232 7408 447 1625 1626 8573 2631 859 5002 2665 3962 1633 7427 2768 3969 1638 3970 392 8846 6262 1644 7440 7441 7424 2779 2783 1649 5120 5128 5156 1658 5136 3997 3236 6289 2803 5144 2807 614 1677 506 8705 4020 1689 1691 521 8651 7657 6325 527 3083 530 1700 5178 7295 1705 4037 6341 2847 5192 3193 1721 5901 4593 546 7438 8685 6352 2866 1738 1741 8697 4255 2870 1852 5711 5220 8703 5223 1755 3416 6387 5231 5756 5236 6490 6400 3230 92 8782 8252 2917 8748 8833 5260 4123 2054 6426 1365 7600 8766 4133 5274 6904 629 1810 4144 445 4147 8778 7618 2629 4151 5298 7629 5302 2973 1832 2978 2300 2984 2989 670 4024 4059 6485 678 1855 5323 8848 4978 7686 6317 7677 3012 3016 5338 7682 1844 6491 3020 5344 3619 5347 704 6513 1890 6514 1895 7699 8935 1897 3041 1901 5380 730 3053 8887 7898 7729 8891 1918 1920 6772 5398 5401 1926 6559 5407 7748 5408 757 759 762 6568 5416 3085 1942 772 1944 773 2830 7772 3098 6585 3426 788 43 6593 78 6598 8942 714 5457 7804 810 2523 4317 813 3138 5467 2291 827 829 8971 6626 834 7709 2008 3147 6632 6634 7319 5010 8984 4353 385 8988 7845 2026 3171 6655 8830 2858 4368 7855 971 4375 4376 8032 2041 3650 2044 6928 5526 5527 3192 2051 7877 5532 9025 2055 4404 6136 4407 2102 900 6708 911 6484 5557 6719 919 9061 6726 5565 3233 2089 4437 5569 6734 7920 9072 9074 9076 6740 2103 3248 4455 9083 5593 6757 5367 6760 961 966 5605 7949 6360 8059 5610 9115 2137 3291 981 4494 3295 4260 3299 4499 2152 3312 7975 6800 9140 5637 9141 1004 9144 2168 3333 3691 8344 4527 4831 9161 8364 5655 6834 6838 8453 2198 1041 5670 1528 8321 1047 3364 2692 3967 3367 8026 5411 6862 6866 8039 3159 5696 5698 5699 8052 4583 9223 4586 970 9228 1789 9230 2245 9233 8818 9235 9243 1998 9245 5730 6511 4605 9252 1113 8082 2891 4616 4287 4294 2284 3447 3502 5420 2293 3451 3452 5755 2298 5761 4631 5423 5764 5768 4639 6935 8519 8116 4236 8125 4647 4652 6827 4272 1170 2232 1385 6964 8413 7569 2143 2345 9312 8156 0
961 2488 966 6978 1455 8817 5680 4037 3374 4931 4762 8685 919 3312 8988 6289 4583 6369 2871 2606 6136 9048 8713 3422 8495 6017 5526 5380 0
6978 7284 5857 1495 3202 139 2914 6107 8752 5546 8834 4988 2375 3854 635 3191 7618 3868 943 8786 4455 6199 6757 5595 1832 7642 8593 1069 7949 8234 6780 981 987 405 8256 102 6502 113 5080 3333 3691 6820 1901 7409 803 1334 7420 3322 2768 7303 6853 6554 4831 475 6862 3372 174 5985 9038 1075 1373 5698 7761 2877 6289 4583 5806 2245 4857 43 7631 3421 8942 8362 520 6325 4311 3740 810 811 4325 238 819 6344 827 8965 9216 5761 8678 6052 251 7438 6352 6934 6935 6361 7243 4646 4929 6649 1164 8134 6957 2034 7261 574 6074 8032 579 1180 5526 7278 0
6090 6242 3890 3741 7949 3587 819 2706 8898 2639 3598 168 4261 7518 1642 8252 6862 3055 1934 7046 1863 5128 9209 1810 5698 6017 5274 7681 8988 2883 531 2812 113 5282 8615 6935 6442 5356 100 6136 6740 6138 5980 7261 3691 4441 7613 8140 7859 588 4876 579 383 1620 1901 4186 6209 5380 7642 0
6978 5009 883 5719 890 1499 6107 900 3206 200 7590 2245 3531 7303 328 2375 6426 2542 8192 1810 2099 6136 3869 5296 4455 1551 2129 8216 5879 4044 8519 7642 371 961 8593 970 2989 8988 3991 7068 9124 7073 7370 8831 405 1291 5060 100 4201 6017 3312 1276 6515 3691 8344 2488 6820 1328 1901 6232 5662 5380 1625 8341 1528 2204 5105 6844 5111 3330 966 2317 8036 1079 7171 6289 4583 6717 7776 5718 8625 7631 4602 6318 6325 9011 810 811 3136 819 8383 827 1145 8685 6935 676 4070 1738 7843 6063 5498 5504 7261 1755 8032 579 3464 2342 5526 7871 1483 0
8448 883 7576 4970 5539 2375 5421 7562 4434 2037 9074 6136 6740 46 4455 7338 360 2115 8797 3310 961 9101 2698 7949 2989 7657 5319 5049 981 3602 5322 7080 4500 7968 7379 3312 2458 8795 5351 1606 3333 3691 8559 6820 5656 9169 2481 3642 447 3047 6834 4542 4239 8856 1631 4252 3969 7735 392 6377 3330 4831 8033 6862 1649 5696 1282 4583 9224 4856 8065 4858 3415 5443 3717 9243 2543 7796 518 7198 4605 6325 2278 811 4037 4328 6344 827 4898 6927 834 825 3991 6360 8988 1455 7261 5005 8032 5526 2854 0
7284 5536 898 6107 2636 5831 4123 2375 4499 335 7311 214 4133 6726 5274 1532 1810 6136 3253 7046 383 8223 7642 4733 963 7949 7657 4075 3774 7068 981 7370 7080 1863 100 8807 3312 5343 115 4261 709 3691 8344 9121 6820 5380 452 2499 8898 8317 3330 6862 2783 2216 7261 6289 190 4583 9224 2812 4857 9235 5724 1363 4866 6599 6017 6778 6325 4311 811 4287 3502 2288 819 537 827 5761 4901 8108 6935 3884 8988 5212 8615 6955 2232 8032 8645 579 1180 3503 5526 4392 588 1482 0
6978 4968 4403 5857 1495 6464 6107 900 8859 908 3055 3531 7303 2375 6426 7595 5421 1524 923 5274 4996 6619 2089 4714 9074 5009 7677 6136 6138 42 4152 3253 3254 1550 7046 3572 3262 6757 5027 7642 6237 6161 9101 8593 7452 7058 3275 5314 2704 2853 4059 3991 83 6486 1746 981 405 5918 5061 102 4201 8807 3312 1598 6800 113 4209 115 3621 1313 3333 4217 6222 3691 3705 473 9161 6820 4876 3376 2028 1620 1901 9172 5380 6834 7850 3207 2675 2692 8925 6853 2215 5684 4831 5120 5097 752 966 8327 175 762 1107 7761 5696 186 6289 4583 7772 4664 574 2245 4857 3717 7967 210 4866 8938 3421 6017 7688 3430 1407 2518 4875 7657 6325 4037 4995 7861 810 811 8091 6583 7505 1705 1131 3502 238 819 827 2847 2298 5476 5764 250 2856 6931 6935 8519 2184 1737 5212 8697 7068 3169 8615 3960 6374 7261 5149 7859 8032 9011 1625 1475 7564 2004 5526 7570 0
1334 883 7060 5678 7657 4037 819 8898 1791 2710 4261 3669 5404 7685 5539 4837 1863 100 9059 7379 8988 5928 8611 8615 2684 2812 2245 3253 7261 1611 2470 4455 4224 8032 7046 5879 1901 2419 7638 5526 588 3505 8380 0
8730 6978 2626 7267 884 5016 5857 1495 8 3199 9 2396 6691 8238 6995 2636 1047 7294 6197 6703 1509 5256 6707 4694 2926 2927 911 1797 3868 2375 2651 3426 7597 4700 919 1804 1528 4995 6904 1226 1810 3148 5281 7026 5285 3861 478 1395 4445 7030 5009 5485 6136 4226 1237 5291 3835 7621 4681 1550 4406 4161 6593 653 6199 4044 5027 1832 3422 4171 5700 2093 966 7949 2089 1564 492 1679 8031 7657 7954 108 4484 7386 7361 5781 7068 981 6053 3859 5053 2364 7586 3299 7004 6317 689 3826 4725 6303 5342 7683 2159 5930 1311 7098 1689 4781 5935 1012 3333 8584 5360 3691 8344 2218 9160 9161 9162 6820 5087 4227 5090 717 2371 1901 3396 3658 4359 8008 2041 6834 7720 1334 3051 3053 7420 7156 8888 2494 1633 156 5109 9101 1920 6772 7303 3373 4827 7719 1645 3330 1354 2781 6862 1360 2509 5979 6757 1649 8327 6279 5698 6284 8336 5704 1081 3395 1378 1142 6289 8340 2314 5144 7772 4002 192 5511 6887 2245 9231 787 9233 2387 2532 4010 1803 3713 1614 2457 2255 8635 436 3421 8940 4866 7315 3895 9247 2548 8364 8549 1407 597 9052 4875 6524 3502 6325 2267 227 5461 5274 7160 810 811 4618 7295 2284 7018 5947 4037 819 7212 3450 8384 2135 2296 2298 2844 7222 1662 6928 834 2855 7021 9277 2654 8685 7919 8983 8519 1622 3159 8506 7243 7516 4966 4929 1165 113 2876 4898 4655 1068 6071 7823 7261 8711 4375 1755 5798 8032 8645 9074 6390 1475 590 1714 7275 5526 6088 1183 0
1863 320 4105 7022 811 4037 819 3204 6853 1714 2298 7068 3330 18 4261 2783 2375 4426 6634 6428 5380 8050 8403 4594 8123 7915 931 5284 6380 2870 857 904 3691 6892 6820 7046 4533 6599 1901 5801 1766 1253 4295 4268 5526 588 4959 7642 0
2832 8593 7284 1265 3592 5857 1633 3745 8421 3502 819 8666 7438 4413 6997 8032 981 5761 3836 5546 2914 6757 2375 6426 4345 3477 6934 6935 553 181 3158 7761 7381 3916 3818 4804 633 1814 7631 3785 2097 2735 2400 6136 574 6957 1893 1430 7261 3691 4375 4111 3717 8645 579 3421 4748 5879 1901 6674 8149 6017 139 2419 5526 4875 7642 0
6325 961 8453 6469 7131 2696 810 2986 2405 6136 8049 5539 2211 819 8988 5354 827 7440 8249 5759 6861 5764 4762 3333 2375 6278 100 6139 1595 772 6904 6799 3782 1810 6947 190 5856 811 5005 3405 5009 4005 1455 2529 9048 8140 6667 3417 8713 4157 131 6822 3572 1901 4641 7635 924 8947 5886 5380 0
9101 4311 3312 7949 7232 3657 2284 2659 7657 5113 4644 9123 6715 6634 8265 811 99 6935 919 7311 4857 7534 8988 6289 8697 190 4211 6055 1524 1455 5648 2700 7476 8707 7261 8344 8140 8713 4866 9011 8032 6199 1475 6757 5380 9074 0
9020 4671 6978 2349 883 6429 7699 9075 7286 2059 1497 3355 8454 4567 6992 898 4115 8486 5829 2919 5542 2641 4120 1513 6245 1586 4123 8344 2375 6426 8979 1519 7308 5421 6096 3224 3627 919 7311 4432 6725 7313 4996 2089 1533 4437 6730 7915 4355 7790 269 2765 5005 6686 5009 6136 3246 7401 7334 4455 7662 8448 6593 4460 6757 8550 6758 369 8221 6760 7642 3983 961 9101 964 966 7452 4879 7949 8233 1674 5609 5408 9112 7657 8458 4279 2436 1848 83 7068 6779 981 3602 7370 8317 3297 1446 1797 4499 5919 99 7968 3312 5338 7539 5339 2673 6377 5071 1602 2166 7390 4781 8856 2684 7137 3330 5072 4522 1893 6221 5359 3691 2470 9252 4527 2870 5653 6820 2181 7980 717 5658 1620 2188 7710 8734 445 5950 5380 6834 4542 6862 3053 3958 4248 5105 1633 1047 2876 5035 3660 5111 1606 6851 6256 5398 4554 167 4260 8795 424 7151 8032 7750 6515 8593 8034 5694 2783 8327 8599 1800 2791 2172 5985 3388 3985 8332 5698 6873 2518 8338 8918 6289 8340 2699 2934 3632 4583 3274 4849 1765 7777 8621 7182 7017 6887 2245 614 1095 4857 7295 3717 507 2792 5446 3421 4299 8942 7704 2494 5899 6017 3428 703 7062 4605 7761 224 6325 2190 8371 5597 4029 3741 810 811 4287 4320 814 2284 3138 3502 4037 819 3750 7438 6344 4043 4625 2578 6065 5190 5276 5761 4050 834 7120 7021 2857 826 8685 1475 6935 5319 2591 2646 3159 7799 6494 8215 3164 6366 4929 579 3783 955 8673 6651 8572 7638 1455 1456 4080 8707 7261 574 3490 2471 4629 9011 7228 5523 1180 5804 5526 879 2345 8156 0
6325 8065 8738 9101 2905 3312 2054 7046 810 8969 811 8091 2284 6710 3502 6918 6344 4059 1863 2578 7068 8319 7370 981 3376 8912 6289 7748 2783 2375 9052 2654 5380 6869 1524 6935 919 5091 4201 6017 1079 7261 8988 5696 3162 1810 4140 5142 4261 4583 3240 6616 6136 5354 5506 4857 3691 7480 4455 8032 6820 4014 9011 4091 1901 1686 6757 1180 2419 5526 588 0
883 6687 1843 8746 4203 6703 3816 8282 5547 8290 2925 7303 2375 330 915 916 8762 1525 919 5274 627 7018 4743 614 33 6304 5856 4715 5009 2400 8485 6138 7620 354 2144 4325 52 8217 7409 6757 1558 7984 9096 961 2978 1061 4175 8236 3895 3589 7657 9287 8361 981 3295 8459 8532 4129 6496 7379 2454 3312 7383 417 6800 1307 7198 5341 2164 6210 5073 1314 1606 2743 3632 9160 6820 4876 8988 1901 7712 5380 6244 3053 3691 8889 465 5354 9114 3282 991 8031 6862 2509 1075 1370 484 5698 6029 4573 8049 6289 4278 4583 6912 4569 8058 7810 2245 1958 9233 7480 3717 8942 216 9245 4603 349 4873 800 3493 3502 6325 1409 9255 7314 3083 810 2570 811 2565 3745 1989 2284 4323 4382 819 1994 9266 2295 827 7222 6626 3942 327 6634 1151 8694 8989 5997 8697 5501 8830 1455 4940 7261 7071 8713 2181 6967 7863 9015 8619 7406 5526 2636 2447 0
6984 6985 7027 8101 1210 7005 2375 8736 7018 4908 4714 7030 5862 1239 1242 8212 3568 3569 5877 5879 62 64 1265 8244 83 99 100 102 698 115 2462 1316 1321 3632 139 3649 1334 1338 7140 4820 8313 3330 4831 5982 3678 2518 4847 1392 8353 4857 3717 6014 1990 6017 4872 6019 5941 4875 224 1410 2568 238 1424 7216 4895 7218 3225 6044 251 8403 6058 1456 4940 2062 8603 7261 7272 1475 3192 4959 7281 7282 7284 4968 3818 7286 1495 1497 6107 3829 3830 7302 7303 1517 8470 4994 4995 6619 4723 5009 6136 6138 2671 6145 1551 2129 6157 2193 2692 2696 390 1572 3899 8519 5050 7370 401 5054 405 33 2406 7380 3917 7386 5071 5074 1615 8566 445 2753 6242 2765 1633 5108 5111 392 1650 3983 1649 5120 5128 7460 2799 6289 5140 8612 8633 7631 8640 516 349 2829 1693 6325 6329 4037 8666 540 1714 5188 2854 6347 7438 8685 7919 7530 6361 4070 1738 7538 8697 2874 8707 3389 574 2890 579 580 7564 4099 3547 4105 5857 2914 1787 2917 606 6420 7590 5258 2345 4123 6426 1800 618 5274 6904 6040 1810 5281 633 636 4148 7621 2957 4159 6199 4044 1832 7642 8593 2982 8031 7657 7659 676 8833 6423 6496 2825 6318 5338 8847 8849 6507 8854 4243 6515 7699 7700 6600 714 6527 4230 1901 725 5380 3053 4246 4248 6544 4260 752 762 7761 1942 7772 5436 7780 4292 43 6593 8941 8942 2494 6602 810 811 8958 2659 819 827 1998 2004 2008 6344 7336 5491 8988 5078 7849 1857 8032 5516 9011 4383 5524 5526 7871 2050 2054 2489 5546 3511 3213 6710 919 2089 3235 6730 2095 9074 9082 4455 9088 5719 2118 4462 961 962 1061 7946 6776 981 987 4499 5630 6757 3312 3316 3333 3691 8344 4527 6819 6820 9165 4665 6834 1528 6844 9101 6853 6957 2218 6859 4580 6863 5696 5698 1079 4583 2245 9231 9233 778 1105 3421 9249 6900 2278 8091 2284 3502 6180 2298 5761 6928 5764 9052 1149 6932 8114 6934 6935 3991 9284 8120 1164 2325 5999 2232 3488 6964 5798 3505 4667 2342 1180 2337 0
6978 5009 2054 4968 887 1266 7292 6107 900 1302 18 7590 8290 6710 2375 919 4133 4995 6619 4908 4355 7919 9074 2949 3246 4156 1551 2129 990 3310 2981 7642 961 9138 663 966 664 3421 3894 3895 7657 7659 8519 83 981 404 1863 33 102 2454 349 3312 7684 8317 8854 4261 3691 3118 6820 4876 717 1901 2484 5380 6834 2758 3054 476 6161 1633 1642 7382 1645 3330 1354 3219 752 6862 5408 6866 5130 1079 2235 6288 6289 4583 7772 6587 3846 4595 1705 6017 3729 6325 4037 5274 810 8957 811 815 2288 819 7818 827 6065 1142 5761 3192 6629 251 8115 6935 6360 8988 1446 8697 7261 5710 8032 3649 2208 3184 6674 1475 2342 2004 5526 7871 1483 0
6978 883 1780 9022 1495 6688 8457 1790 4890 5040 3836 911 3216 2375 6426 2377 4996 7914 7027 3800 6136 6138 3253 9083 6150 5879 6199 6757 9304 2419 8843 1832 7348 9095 2423 2224 3274 3895 1569 3374 3991 981 681 7370 4501 4201 3310 3312 5339 3856 113 115 5071 5935 1921 3691 3339 8222 4876 1460 1901 445 5380 5382 5100 339 3531 6853 8317 3330 7743 8327 6862 5408 1649 1936 759 5128 1082 177 5698 6289 190 4583 4003 2245 614 8065 4861 5158 3717 3421 3422 6017 3428 6820 8648 1975 6325 4311 810 811 4287 1705 4037 819 539 2284 827 7247 7222 5761 5193 4422 9278 6352 7919 6935 676 385 8988 8697 1744 7850 7261 8032 2048 4860 5526 3501 0
5807 6978 7282 883 4399 7577 1495 9145 6691 6109 3826 911 1822 2375 1523 9060 4996 2659 7326 5009 6136 9077 7621 1550 6757 5027 4462 371 2693 6164 7452 7949 6770 6175 7233 4059 8519 1576 4753 7068 2157 981 3904 3514 7888 689 5061 691 8266 1311 1312 3625 707 3333 3691 2175 800 6820 1022 3941 1901 1165 7749 9173 8369 8453 4611 1633 1047 7139 5111 1639 5692 422 6859 2509 5408 3372 5120 3082 5156 5698 2518 7170 2520 5696 187 8612 4583 4848 779 3100 2245 1958 3717 1398 8942 2824 1689 5100 1078 4875 8083 6325 6327 4037 230 810 2836 4886 811 9092 819 537 7217 8099 5761 5194 6289 9052 9119 8685 6935 6640 7836 7839 6361 6365 8697 2322 7849 5101 8707 8603 7261 3488 574 6074 8032 7860 579 5518 1475 9017 5526 844 0
7282 883 2054 5813 3197 6464 8238 6107 2636 3836 4323 2375 6426 1524 5091 5274 8218 2941 931 3191 2102 6141 5296 1243 7046 4201 6757 7642 961 2978 963 3978 8593 4178 2277 7957 7068 678 981 8255 1863 99 100 7379 5056 3312 7383 1276 7685 115 5071 3333 5939 3691 8344 9161 6820 8565 1620 1901 5380 6834 6325 8615 2775 2503 6856 4831 70 7249 9196 174 8329 8050 8265 3394 6289 4583 4317 4849 7179 1789 6299 5721 3717 3421 6317 6017 4186 4605 7761 4875 8380 2487 2288 810 811 1419 1130 3502 4037 819 8666 536 1023 6631 7518 5761 834 1810 2008 6344 4055 9052 6935 8123 7544 7850 1456 7261 8032 8645 579 5756 5200 6973 5526 588 1482 0
6978 592 883 2127 7580 5539 2288 311 8238 4413 3826 18 610 3836 3531 7303 2375 6117 8470 1524 919 4133 4996 1810 931 6136 6740 3246 5675 6935 4455 4452 6144 7336 3253 7046 1251 6757 5027 962 6254 3890 7949 1269 5159 1271 6477 3991 7068 678 86 981 5323 3004 405 2929 1863 6496 8847 2461 5344 115 2741 3333 3691 6820 438 2479 1903 447 5380 1625 3049 3717 320 1528 1633 5111 5397 392 6853 2502 8317 4261 7443 3074 6611 3968 6866 481 8050 3536 8047 7462 6289 1700 4583 7779 8140 2245 43 6892 2989 8942 6017 1897 3123 221 4875 6325 4037 3421 7119 810 2278 811 2284 3502 238 819 824 827 1998 3192 8857 8399 8685 4386 6638 5487 7835 7534 8123 5212 1446 556 8128 281 857 9294 7547 7548 1456 1749 7261 574 6074 8032 5516 579 5801 1475 3804 5526 588 2337 0
961 4543 2300 6543 2429 598 4683 3374 82 3143 2926 2509 2375 1797 810 8988 6062 345 6369 1455 5648 8554 8713 714 1901 5914 6757 142 5526 5380 0
4671 6978 5810 3512 4722 6989 8238 6994 3531 2375 5842 1216 27 8187 3542 7017 8193 2391 7025 1238 208 7046 7356 5734 5879 5885 77 4743 83 7068 7071 95 4765 1296 2457 112 115 708 2462 2464 7103 5935 3626 1316 2470 3635 3639 134 8289 136 7120 8291 5489 2486 2488 3207 2038 5706 4824 2502 8317 3330 7152 3844 9153 3372 174 180 5991 2518 8340 2524 4317 4849 1389 7181 1158 3710 1236 2535 3034 3717 5091 4866 4703 6017 219 4875 4881 230 2565 9166 238 6061 2800 7225 217 3760 251 6058 2578 1446 267 4929 6067 1455 7261 7269 2620 3804 6087 7278 4959 4966 4968 7288 6464 317 328 1524 2659 5009 6136 6138 3868 5012 7333 2673 6145 7344 2684 375 8506 8055 3895 457 8514 4638 8519 1576 686 16 405 33 2720 1598 5071 7638 6221 5090 442 6232 2753 447 2765 1633 6254 392 6260 7719 9191 1644 473 3980 483 7462 6289 2807 614 6317 6325 532 1707 4037 8666 6344 4457 5522 1723 1725 7438 1475 6366 1020 561 2876 574 6385 579 2895 7564 588 1183 8184 4111 2915 5262 6426 8766 5274 1810 6442 8449 7619 8466 641 6451 4157 4201 8454 5312 2989 7657 4059 676 3005 8834 8705 1868 5313 5338 5344 6522 5361 7700 3035 1901 7616 5380 1313 6542 4252 3059 3066 4260 6115 746 5404 5408 759 7761 99 4280 3100 4287 6586 2387 794 5448 8942 3118 2494 3120 7087 7801 804 810 811 819 827 834 2008 2845 7843 8994 971 4375 8032 5761 3182 7865 6674 5526 573 898 4417 7542 3210 4418 4426 5421 919 7909 3148 3236 7982 4455 3253 6757 962 5686 9108 975 7755 981 4497 5621 3312 6800 1014 3333 3691 8344 6817 4831 2178 6820 1021 1024 5660 6055 4145 6834 4542 8453 1528 8020 6853 9195 6858 1065 6862 8034 8586 6868 5696 5698 9213 2235 1083 1084 4583 3274 4584 6384 2245 8065 3422 9245 1984 2271 2278 6912 2281 2284 3502 1134 6631 9271 9052 2341 6935 3991 6955 2329 2713 8140 8144 2338 4641 1180 3503 6958 2345 8156 1
6785 5 2357 3834 2375 7009 620 2055 1218 5274 4888 6129 9016 3342 6136 6740 3868 1239 50 2129 6753 3310 962 7437 966 2429 2989 7657 3284 2136 8519 8247 2414 981 6784 3004 3005 3297 482 6197 3312 5338 2462 2734 8540 7395 3333 8924 1897 8872 6055 4803 3649 6834 2576 3953 730 5100 2765 392 6853 1645 3983 7397 8327 759 174 5696 3388 7763 6289 2080 7163 2807 3871 2387 9235 2535 3717 8942 9245 8705 6017 6820 9250 4875 8082 6323 6325 238 9063 810 2278 7818 2284 4037 819 8666 2843 827 4901 834 7438 6232 6935 2691 4070 8697 3788 7852 1459 7261 7859 8032 5380 9011 8103 3699 1180 5526 1
2055 891 4820 2375 4888 3236 6352 4223 6138 644 7046 2964 990 578 966 7061 7657 6177 9114 7063 9117 3374 7068 981 3005 3297 6197 2929 5061 105 5338 1599 115 5939 3691 1612 8868 6820 2476 702 5380 4812 5957 1633 3059 7787 3330 6826 5408 5120 6869 772 2235 1083 6289 2524 3405 8728 3312 2245 1097 3717 8942 3298 9245 1406 6325 810 124 3502 238 8514 8666 2296 2578 5761 4901 2854 6634 2091 6935 827 8988 3474 1446 8697 4652 7548 862 7261 8144 5741 5522 5526 1
6325 6978 4242 4611 1270 6759 8962 7735 1911 1711 9267 2578 5040 981 248 1065 404 9205 1863 4256 1732 8988 8123 9224 25 5009 4261 3541 7924 3691 3717 961 2615 7046 6634 1828 3425 3428 5526 1
6978 7282 2055 4403 8678 6091 2059 6987 6405 1199 2417 8454 5539 2915 7890 5255 6418 6596 2340 6690 7901 2375 7157 4499 919 6718 8736 7475 4995 4996 6904 8685 7020 4437 7021 614 5003 3711 1815 7982 9235 9074 7616 6136 9077 1821 1495 6935 5012 9081 4455 1243 246 7895 598 54 9089 6149 2684 7639 4167 5706 6761 7492 9101 963 2300 7949 1100 6361 9112 7657 975 2436 1845 7525 8519 3333 5398 418 981 5802 7074 554 3005 7699 1587 4196 5061 102 2454 6017 3312 5338 2457 6800 1598 5072 1313 7137 6515 5597 6222 3691 6433 4831 6820 1021 5655 1900 6527 3041 1901 6232 3771 2781 5921 2564 3350 6834 2488 1613 3054 1528 8901 3657 1633 4201 5592 2768 5408 3970 6258 6853 241 6442 4776 3330 6857 4650 6862 2508 2509 2795 3372 1650 2228 175 762 3388 7454 5698 2518 7261 184 6289 188 6911 2524 5477 4583 3098 6319 3100 5466 2245 4271 8933 9233 4857 9029 6669 7785 5042 3717 1967 6310 8809 3422 8942 3424 8817 7087 4873 1407 714 4875 7708 6325 8298 238 810 2764 2278 811 4287 2566 7714 2284 3502 4037 819 8619 6344 5186 827 3776 5946 5761 4901 4631 834 1810 6504 6492 7438 9278 2719 4895 2316 1086 1737 5212 4929 4360 2870 4046 3672 775 4940 2612 1170 8603 7459 971 8032 6966 5346 579 6593 6674 1475 1476 4988 1180 5526 296 7162 1
883 2910 1497 6702 2375 7157 3172 5421 2935 8187 7972 336 3230 3243 6138 6145 2964 4201 3717 6755 6848 8807 6161 685 7657 2436 3374 981 3004 3607 99 100 2454 8286 3312 2457 7683 112 115 5643 1313 6812 3333 4524 6820 3345 7847 5380 6834 8369 8302 961 1633 5961 5706 1234 6853 8317 3330 8018 2376 759 4569 5991 2518 6289 4581 6580 3103 4287 8065 208 6593 6775 8942 1466 8705 6017 1689 6325 810 811 2281 2284 3744 3502 4037 819 2008 4906 6935 2524 8408 8988 6366 7551 8140 6074 8032 2827 2615 9011 2398 5526 2345 1
301 3004 6094 2055 4403 7699 1195 2629 6963 6464 364 8238 1911 5011 4114 317 7890 6703 5040 4120 5621 6245 911 280 2375 1800 1801 8470 620 1523 1524 4856 1221 7906 7035 1807 4135 5274 6124 6904 1992 241 6628 4876 5687 935 2148 4445 9074 938 5061 6136 2102 1633 5292 9048 7924 5015 5298 7046 2476 6463 5597 1832 7943 5033 961 9101 375 7057 966 7735 7949 290 1100 1084 670 7657 6978 6549 4482 7462 2437 4750 8519 981 6488 7072 7162 7370 3005 3409 8411 4499 1863 4765 99 6203 3636 6017 3312 5338 7015 7683 2113 1598 115 1885 3841 9147 3625 5071 1313 4261 6515 3333 1320 3691 3118 6820 1021 8988 717 3041 7120 805 4145 2484 4539 6834 1626 4873 5667 7131 8823 7420 1210 1528 1339 8729 3425 7431 1456 1055 1642 6853 8317 3330 9196 8546 230 8327 9201 759 2228 3301 7163 1267 6281 7455 5698 5699 1917 5360 6869 6289 2524 7769 811 1074 8618 971 25 3871 877 2245 2814 9233 4857 3711 1689 6306 4597 3717 5161 6312 3422 2821 8942 2494 8705 8536 7074 5455 4605 8081 4875 2554 7202 6325 4611 8144 3737 7977 7369 8956 4270 810 4030 2278 1125 2565 5466 2566 2284 6606 4037 819 8666 3233 1426 6759 6344 827 2578 5946 3173 6925 714 834 4437 5764 1901 2008 1757 6052 5522 8685 1475 6935 1440 3769 1947 2727 1155 8123 2100 8695 1446 8697 557 564 273 4940 6974 9298 7261 279 3488 8140 8032 4189 7126 3541 6674 2620 1476 3804 2233 6615 8726 5526 4495 590 1
5526 961 4831 7645 1697 7051 6541 2448 5718 7812 737 1989 2284 4192 2793 5413 2468 7583 8668 6262 1723 4455 8547 4983 6268 3544 2372 3607 5588 6634 8102 5559 99 2382 827 1548 4201 3312 3330 8988 2375 491 1810 8514 1236 5425 676 5071 6935 3404 3005 4934 7616 8742 1957 5403 2245 100 5157 7261 6816 4222 4376 1323 3717 8489 6614 7046 2964 4091 5883 7709 1460 5977 3784 1256 6398 5693 1
4688 3816 7699 6686 1199 8238 6703 323 736 4124 2375 4499 2652 6721 1524 8736 5274 6124 7605 7917 2765 6136 8208 5580 9080 6145 3929 7379 7046 6757 4244 8140 961 2300 6842 6502 3421 8644 8514 2708 4059 8519 1577 981 3005 6787 8834 2149 7616 4725 3312 5338 5637 112 115 3792 5935 1313 7394 3333 7112 1611 8344 2746 3844 3118 6820 3735 7120 5380 6834 4242 1912 8471 6120 6542 368 7359 392 5116 5968 7969 1644 3330 7958 6858 1649 8599 174 762 5894 5991 2518 772 1083 3691 2524 7545 1088 1092 5718 6303 3717 778 7393 6076 5725 3422 9245 2550 6024 1695 6330 810 6912 6035 238 2291 4091 6344 8098 2296 2578 6594 1901 4341 8403 5491 6058 8988 6644 8697 4360 8013 4083 574 4849 3434 7126 6673 9309 6393 5526 588 1
819 392 4985 8374 3531 2375 9277 1524 100 3611 8988 4003 1606 2245 7700 7613 3253 8559 3034 8032 6820 6614 6336 5448 6317 4641 4071 7198 5526 1
4671 9023 6785 8166 310 3 988 3834 2375 7009 620 2055 5274 4888 6129 9016 6136 6740 3868 50 2129 6753 3310 8553 962 7437 966 5047 2429 2989 8644 7657 8519 2414 981 3004 3005 3297 6197 8834 764 3312 5338 2462 2734 1366 8540 7395 3333 8924 1897 8872 6055 4803 3649 6834 2576 730 5100 2765 1633 2259 392 6853 1645 3983 7397 8327 759 174 5696 3388 7763 6289 7163 2807 9226 3871 2387 8197 9235 2535 3717 8942 9245 8705 6017 6820 9250 4875 8082 6325 238 4606 810 2278 7818 2284 4037 819 8666 3141 4039 827 4901 834 7438 6232 6935 8406 2691 4070 8697 3788 862 1459 7261 7859 8032 5380 9011 7560 8103 3699 1180 5526 5320 1
1980 6993 4983 2372 7006 2375 6118 1801 5421 1522 1524 2382 8736 923 5274 6136 4917 7046 2964 3611 961 9101 2695 4743 2133 2436 3374 981 3005 4765 7616 4201 7381 3312 3020 112 5071 115 4934 6816 3118 6820 3784 5380 5693 6398 737 4192 2468 392 6853 4742 745 3330 6268 5588 2627 6281 5698 3432 9213 1084 3695 5624 2807 5718 914 3717 778 8489 8705 6325 810 7812 819 8668 827 7221 6634 6935 1548 8988 2610 7261 4376 5143 4957 1157 1
4103 883 5719 2055 4968 4403 4408 3607 608 4234 2375 1524 6726 4136 3546 2089 1810 4141 99 6136 2102 6138 8492 1826 2964 2476 653 8220 7638 6159 7972 961 963 966 2866 1269 1274 8239 8514 3374 4059 981 1582 3005 1289 5419 5061 100 2956 8807 5338 1598 5071 6221 5361 3632 3337 6820 131 2183 717 5374 8027 2484 276 7856 5380 6834 4542 1633 6853 3330 473 6866 4701 5991 9224 4285 200 2245 3710 1676 778 3421 3422 3123 7601 6325 3230 4311 3745 2284 2567 3502 2436 6344 4906 6352 6935 4921 7534 8988 7843 5500 1456 9297 1163 7261 8140 2886 1177 7228 1476 5526 2623 5238 1
2674 4671 6978 8446 7282 3353 4105 6686 3200 8159 3023 2358 1264 898 7583 8839 2919 7519 7297 8547 3796 2068 6421 3836 4421 2372 3531 4246 6426 4401 8513 2382 5769 440 5274 7131 2375 1810 4251 827 2400 6136 9302 6138 5972 4638 3253 2673 6145 7046 2964 5879 6757 7383 778 5885 961 6162 7350 5338 4179 5538 4299 8514 9019 3374 4183 1000 1849 6107 1938 981 2448 1510 404 6317 5380 5331 4959 4201 3611 3312 4176 113 5315 1901 4208 421 9281 5071 6215 115 4934 1313 5359 456 4279 3104 1614 6820 3376 9166 1460 7709 8291 2753 3784 3949 8010 6834 4542 6325 4812 7723 6541 3360 3657 737 2495 4192 5394 4696 2468 392 6679 6853 6262 3507 297 3330 7743 5588 8546 5122 4267 3975 6268 5983 1071 9180 3989 4011 180 3685 7458 8047 5704 4577 490 5911 3632 6868 574 1789 2245 5561 7613 7483 3034 3717 5698 8489 7750 3422 5448 8942 8031 2796 7657 8369 5735 1696 2271 2519 4287 717 4037 819 8668 6344 5851 2578 5946 3759 8394 249 6696 6634 7438 923 1728 6935 6639 1548 1559 8988 2298 1446 6366 1180 1160 6950 3943 448 6243 1053 877 8591 7551 7261 279 8140 4376 8032 8883 579 4091 4641 3804 2169 6393 5526 8146 1
5677 6978 8394 7282 2906 2054 2055 4968 3818 632 5873 1407 1495 717 6963 4000 1974 3822 2636 317 1633 2161 6703 5040 5102 1598 2924 4654 5400 4123 2375 6426 6931 1801 3426 2379 6597 6722 7333 2058 5563 4133 3151 5274 7909 6619 2577 7020 7021 7286 2148 4714 5009 5061 6136 7618 1821 737 3868 9078 7924 926 4441 6639 6145 5298 3876 8215 4110 7046 6593 2659 1206 5597 1832 6237 7214 8267 9101 5686 2696 7947 7949 5338 1312 75 4261 1100 511 670 6759 7657 8819 975 8514 6138 4059 4929 8521 7068 981 6488 9190 7369 3005 1286 1861 25 1863 4675 409 3425 6110 3016 3312 1156 7015 6800 4190 7688 8317 7690 1602 713 1689 3574 6955 426 8901 3148 1316 1885 6515 3333 9154 1320 3691 2470 3035 8559 6820 1021 1899 9042 3041 5658 1901 3184 5095 3081 5663 3952 6862 1911 7131 4610 1210 1476 2493 3539 3962 8729 1047 7428 6847 7735 384 7303 6425 6853 8656 353 1351 754 3330 3219 1357 1065 3261 7748 7157 2783 7435 5120 5982 759 2401 175 5696 7162 3388 2228 6281 7455 5698 3992 1917 6152 772 6617 3246 1712 6289 531 1947 4220 4279 4583 6143 7774 780 3100 6102 961 2333 2245 3683 8933 9233 4857 4593 6589 3339 5442 3717 778 3974 1770 8360 8942 8705 5560 6017 1972 4873 4525 714 4875 4611 6325 8012 6904 5175 810 6911 811 5793 2566 2284 8960 8519 3502 238 819 8619 6229 3146 6344 1532 2578 5946 6662 4704 6626 2583 5764 8542 1374 7231 6674 6635 7438 8685 6935 7363 2524 3483 6361 8988 8123 8565 5214 4966 8697 4996 8699 4077 3171 113 2612 1038 273 5243 4940 911 8603 7261 5792 4375 1173 7265 3098 8032 7559 7825 5741 8527 3541 5522 1475 1331 5524 6973 5526 8154 7074 1
4671 8738 4692 2055 4968 158 6978 6987 1497 6464 8803 8238 7292 8744 6701 6138 8752 883 759 3836 7303 328 7420 6426 6118 4127 2272 1624 919 923 5274 6904 2375 2941 7024 633 2271 7286 7588 4714 6136 6740 353 7621 9086 5602 7046 2964 3717 7719 2162 5885 5886 9096 4468 961 9101 4905 3890 1864 7949 9109 8235 2989 3589 7657 4188 975 8514 3899 3374 4638 8519 7068 2443 981 982 3005 1859 4059 16 5621 5380 7277 99 100 6202 1299 4201 7972 3312 5338 2157 1901 7173 5027 115 8276 7394 471 213 5080 6800 3333 3631 3691 8344 5941 2870 3118 6820 2117 4797 438 7980 3942 6055 5489 3047 6262 730 5554 925 1633 1047 2978 1051 1606 392 4824 6853 5118 3330 1119 3376 3980 6269 6862 3983 4013 6268 1800 953 8468 2123 4904 3991 1107 5991 7761 5702 5704 6342 7462 1084 7219 555 2470 811 5417 575 4003 8349 2436 5114 5718 2245 9233 8065 6901 6009 4861 207 6593 1103 3421 4299 8942 9245 6317 6017 2766 4186 8275 7656 2518 2568 6325 7009 1117 4037 9210 4270 810 531 6912 4828 3502 238 819 2140 536 6631 827 2578 1998 5190 3422 3144 5761 834 5764 2584 1723 251 9052 7438 7830 112 6935 676 6866 2691 2727 5004 8988 6366 5319 3763 2600 4651 3169 6247 2032 7261 7263 8140 8032 7120 4663 5517 4959 1475 1180 3405 5526 2345 8156 1
2901 1776 6978 6092 883 4671 8759 2055 4968 3818 1037 1495 2355 9031 6464 5251 6740 2636 7890 2920 8752 2343 251 4424 7902 4820 2375 2379 4700 919 8188 6726 7207 7909 5525 821 4436 1534 4908 33 2771 3512 5005 4385 481 1543 6841 5289 7618 1645 41 6355 4455 9171 246 5602 2678 2114 2414 3717 2119 4157 2419 8454 4526 4766 7412 7348 2691 962 375 7284 3312 2705 52 7949 4739 77 8075 386 7007 7565 389 8514 2437 4059 8123 7957 2712 7699 981 7370 2494 5913 2715 16 8834 4499 6791 8825 1296 645 2454 5336 2880 5338 8697 1877 6800 8848 1598 7542 5071 708 7391 115 4519 1012 5354 6219 3333 7398 4990 3691 3632 8649 3035 3339 5085 6820 2181 4207 1901 5489 2555 141 5663 7717 4542 1910 2758 1628 4812 3053 7420 5672 6177 6987 1633 8942 2679 8228 6847 5408 6254 4073 7645 7286 5968 2271 8317 917 3330 3219 2879 3074 230 1811 2509 8036 1459 9193 5120 5982 6868 762 8693 5415 3176 810 931 2518 7261 7460 2234 6289 7533 3467 2524 6292 6729 6615 5417 4761 1951 1090 1789 4287 2245 2247 2938 2566 7373 5157 6592 4864 6893 4593 3421 8941 215 2385 5899 7500 754 7640 131 523 6325 9255 8371 4311 7432 5274 6028 2276 5361 6911 811 2281 3745 2284 3502 4037 819 536 1994 2845 2102 3156 6061 5946 5761 6626 8973 5764 7021 5522 2589 8685 7319 7919 2341 6935 5487 6920 2646 3749 8479 2138 6946 6366 1159 8994 1744 431 9157 3170 8572 113 2876 4713 862 6811 686 4575 279 4375 5050 1464 9011 3496 5195 2044 1475 1180 5526 4959 4394 1
7282 2055 5819 8238 321 2375 2908 1524 7991 4703 8736 5274 1810 4714 9074 7616 6136 9069 6145 7046 6757 8519 961 9101 375 5894 6502 2989 3422 6177 8514 2708 676 981 3004 3005 6787 405 8834 4499 7374 8260 5061 2723 3312 5338 6800 112 8317 5071 115 6222 3118 6820 6230 1901 3767 5380 6834 6533 6842 1528 392 6853 4260 1644 1645 3330 2505 8033 1386 1649 759 8910 5696 174 5991 2518 772 1083 7059 7545 4849 574 5718 6303 3717 778 6597 4299 9245 6017 8275 7657 6325 6328 2747 4311 808 810 2132 811 238 819 8666 6344 827 2578 4457 251 183 8403 6935 2296 6058 8988 6644 8697 4583 6247 7261 8140 6076 3799 4090 2895 6393 5526 588 1
6978 2006 7282 883 4399 2055 5847 3512 6987 898 6107 1789 3525 6111 7693 5243 251 6708 736 6712 4988 705 2375 6426 5623 335 623 3117 3739 7909 2941 7026 3862 6314 9074 6136 1633 3868 4455 7925 3253 9083 6748 1243 8840 6147 7046 6751 2115 3572 6593 6199 3310 578 371 961 9101 2301 7350 966 3890 7949 3274 2989 7383 7657 2964 8514 6138 6183 4638 7068 678 981 982 680 3295 3005 1510 3297 16 5621 4499 7374 4995 4196 7277 7677 1810 102 4201 3174 4772 3312 5338 2518 2157 113 115 5643 3625 5071 405 1069 3631 5361 4525 3705 9231 6819 6820 5655 7928 9166 323 1901 6055 7529 5380 6834 1626 3050 7155 4812 7420 6542 7425 353 2260 5111 3891 392 7303 6853 3668 8036 3330 2218 9164 6862 8018 5408 6757 480 759 6869 177 2173 5698 181 1078 6289 9161 8344 4583 3405 8728 9080 784 6887 2245 4007 4857 9235 3717 4866 8938 1107 8942 6017 1689 7899 4573 4875 5749 6325 2267 4797 4311 230 4313 5741 810 2278 811 1126 7190 6034 2284 3502 4037 819 8666 6344 827 6061 7251 6894 5761 4337 2854 8394 3374 907 9052 4059 8685 5771 8291 6935 6056 4920 2691 6058 8988 2578 7843 7974 1161 7548 3691 2329 7261 4725 8032 1330 5718 6387 579 4959 3602 6674 1475 4186 8095 5526 2337 1
6325 770 6614 3207 6541 2205 4739 2876 2284 5899 5618 8894 975 2468 7583 6853 5968 6262 4752 2578 6065 1083 981 4230 4901 2372 3297 2498 2375 8834 6634 6868 4157 1524 6935 4201 1349 7475 3611 7017 7910 2235 6800 1644 5637 2524 1598 9207 3321 4849 2382 4934 1313 6136 4119 6139 2888 6145 7261 3691 7700 7613 8140 4376 1914 3717 1967 1021 8144 7759 8942 5879 5522 8291 5489 778 5526 7007 1
6978 4688 2906 5817 6136 2917 4417 7700 3531 2375 855 1524 919 8766 4133 6122 5274 7909 5852 3148 633 4714 5009 4972 769 4722 3253 4157 7046 2129 5879 6757 2684 3936 6614 1061 7351 6177 8514 3374 8519 8942 7068 981 532 3005 3297 2715 405 4499 99 5056 7299 3312 8697 5637 676 4780 5071 708 3566 115 4519 1012 7397 2470 8559 7996 131 8988 1024 7999 1901 2753 5378 6834 1035 8552 1663 2205 1633 4192 392 7755 6853 3066 4260 3330 7152 5404 5122 6862 3333 4013 5120 6118 7759 2518 6289 7219 5142 8924 811 4280 5716 8140 1789 2245 3426 5794 8187 3717 778 4866 3422 5448 8824 6317 6017 4172 6820 8275 8344 5169 6325 810 4317 1126 4287 1705 5467 4037 819 4038 1460 6344 827 6061 7824 9271 834 1027 251 7438 6352 6935 1897 2691 4070 7243 4929 1162 8705 5526 7261 574 9124 867 8032 2888 5761 579 4031 4383 1180 6958 1
2356 1 5147 631 1198 8169 4754 97 8176 7000 3534 8111 1215 3099 8642 161 2594 274 5859 3556 5640 5866 4720 5868 8210 7041 8739 4726 5879 57 2421 8226 8227 2426 2428 1273 2656 8240 4094 104 7543 7400 2446 7082 8715 3526 7990 9079 3456 131 8441 5949 425 146 2491 8311 6806 2725 5962 3263 4821 3278 7961 3676 4677 1678 3285 1379 8158 5998 753 6004 1566 1390 8431 6818 1245 7198 8370 1759 4880 2560 761 2562 7857 1412 6041 242 318 8377 2602 3604 6235 5594 291 3810 1794 1208 4969 7416 8975 4199 209 5129 4227 4237 8465 8467 5959 9308 8475 5799 658 49 7321 7065 727 2129 2139 6435 2688 3743 3506 382 2702 387 1369 6382 1588 413 1988 416 6206 7385 116 137 7125 8850 3028 8559 6078 3940 6650 1682 7870 6897 7417 7880 3964 1634 5028 2722 5076 429 7442 4200 3981 5018 7447 1651 5786 5451 6286 8617 7471 7478 8629 7613 2970 6317 1688 7728 5180 6337 7817 1711 7517 8043 8000 7878 1724 6351 6356 1133 2130 6465 2875 3187 2883 5228 4087 2889 2894 6470 2898 2899 1708 2902 4034 2907 9175 2909 8211 2912 6409 8281 6431 1806 8767 1809 8509 2214 3766 8426 607 570 7821 2966 7638 651 4064 1743 6287 4187 8829 4191 130 6457 1179 6503 1886 8858 4219 7700 8881 6537 5395 5396 3063 7557 5164 6867 8913 3090 6574 1949 791 1965 5448 3124 6607 806 3133 5309 9158 1512 244 6759 4912 837 1104 6731 8987 4357 7652 860 3808 8409 5510 6926 542 3185 9137 2893 6681 881 603 6386 648 8681 2065 5198 5545 967 2070 3060 7942 8581 7908 7913 6363 3157 6732 7918 5576 7922 6745 3253 3061 489 467 6757 6401 3343 4470 6706 5608 8976 8088 2614 3522 2987 993 2718 1001 5825 4514 3641 6808 3331 3679 2256 6002 733 3341 7330 2189 8433 6835 4544 979 6153 7195 2223 3385 1072 1684 9214 240 2242 2593 3413 4158 1831 6614 8071 3279 3431 1896 5435 3435 3384 1124 3877 6913 6916 4269 5758 6682 2453 9035 4878 6937 7771 8132 2752 6962 8263 7496 2262 4641 1773 4093 4813 1
6978 8740 6464 5539 6992 5040 2645 2375 2435 3541 6124 6619 3186 5061 6740 7924 4455 7046 2115 7638 961 2978 6164 7949 8519 981 25 1863 4195 5919 33 3911 3312 6558 5072 8275 3027 5648 6221 1320 3691 8344 6820 8563 1618 4230 6834 2488 1911 3207 3053 5679 7735 384 3664 6855 4261 6862 4838 176 6609 5696 6289 4583 9224 7179 6887 2245 1392 4856 4857 6892 3421 4600 8942 3425 6017 703 8081 3502 6325 4611 4311 810 2278 4287 962 8380 238 8666 6759 6344 6922 2578 5764 9052 1565 8988 8123 1597 8128 2603 2028 8700 7261 8032 7268 579 6671 295 5526 3930 1
7282 4968 4820 2375 8764 6726 4888 6352 6442 6138 42 644 6747 7046 990 966 7061 7657 6177 9114 7063 9117 3374 8519 981 3005 3297 6197 105 5338 115 3691 1612 8868 6820 2476 8565 5380 1633 3059 3330 1354 6826 480 7760 2235 1083 6289 2524 7545 3405 4851 3312 5718 2245 614 1097 3717 3421 8942 9245 1406 6325 810 4287 124 3502 8514 8666 6344 827 2578 5761 4901 834 2091 6935 2296 8988 3474 1446 8697 862 7261 8144 5741 5522 1475 5526 2854 1
6686 4923 7680 4417 3089 270 8752 7006 2375 6634 4428 3536 1524 3425 7311 3543 3229 5274 3548 6136 2102 5777 7924 7046 5606 2964 6458 3880 6460 6757 961 3270 7657 3281 8514 3374 7536 83 981 3005 1859 4499 1863 33 695 3312 5338 8821 5636 4186 8271 5344 4782 1313 5040 8123 3333 3691 8344 3118 3726 8766 3201 1901 5380 6756 4973 1911 3207 6842 5961 7735 4123 6853 3330 1016 8321 4261 3377 4562 4569 7164 3683 6289 7768 8615 3405 25 8140 2245 3426 3541 778 3422 8942 8705 6820 8275 6325 4611 2247 2564 4320 2284 819 1994 2009 4625 2578 6759 9030 7229 3760 9052 6718 4895 5484 6935 676 1086 8988 7422 5212 6344 8697 1456 1462 7859 9114 1897 1127 6834 8725 5526 1
1203 7267 1780 4105 3821 1930 3204 3826 5704 7303 5970 2375 6124 6127 5332 9074 6136 3246 4455 5871 3253 8517 2677 958 7638 7642 6162 7657 4352 3333 2872 7073 2447 404 1861 7080 408 5061 4198 2454 6820 4268 6496 3691 7700 1897 1460 1901 444 2753 2192 5380 7415 6838 3030 1528 7548 392 3376 8546 3983 5408 4565 2071 5697 8044 4295 9213 6289 4583 7772 6589 7613 3034 3717 180 6614 1531 7489 8942 2945 4774 7198 4875 8934 6325 4311 810 811 4287 2284 8380 819 536 8446 7230 5767 6634 6935 6361 7694 8698 1455 4847 7261 8140 8032 9011 5520 1475 5526 8146 1
6978 3507 2349 5525 8803 4686 1204 5621 2485 2375 7157 1227 4908 4714 42 7437 1265 77 7066 1283 1289 2929 7616 100 102 3611 2456 115 2462 3625 1313 5942 2472 4797 7120 4807 7133 8300 1338 8317 3330 5454 7372 176 1107 7168 231 7179 2528 7182 6006 3528 4856 3717 6017 4875 8369 5976 8376 8380 6043 1810 2585 4266 7234 8403 5282 2921 4929 3781 1456 8591 7261 3791 8645 1475 6091 6464 4169 317 251 323 7303 2649 2650 8468 2404 1523 1524 1526 4995 8969 3855 6130 8419 5009 6136 6138 3868 6145 8496 366 2684 6157 8500 6188 6197 405 1349 7390 7638 1606 1612 7183 437 438 8565 4947 1633 3655 4480 392 1642 422 663 2760 6269 2783 5132 6285 6289 8612 8615 572 6298 4007 2823 7491 1689 6325 4037 536 6344 2856 2857 8685 7919 6361 4070 1343 2870 2871 9260 8706 574 8074 8029 5441 8427 8781 3607 1793 1315 2926 4123 6426 687 622 5091 5274 7606 9222 4152 5296 4201 6199 8454 1832 6237 4173 6502 6476 7657 676 3004 3005 3006 6423 8705 5313 5338 6510 6545 6548 7699 2575 4230 3042 337 7098 3049 3053 4248 7105 7729 7731 7747 7306 5408 5411 759 8925 7772 5436 3426 789 43 3116 8942 87 1664 4186 4311 4313 809 810 8957 811 5469 819 6759 825 827 3192 834 1901 2008 7336 848 385 8988 854 3169 448 8032 7861 6674 4386 4387 5526 7567 3155 883 3197 890 900 4593 6708 4426 7904 8330 7906 3229 3148 3236 931 3246 6741 3253 4455 2115 6757 4462 961 9101 966 7949 970 7534 2132 981 5337 3297 3299 4499 3312 1276 4516 2166 3333 7879 3691 8344 3705 3339 6820 3752 5661 6834 1057 1063 3376 6862 1636 6866 4569 5698 1076 1078 4583 8057 160 2245 6895 3421 9244 2717 8082 2270 4270 2278 128 4287 2284 8186 1131 3502 2288 6631 1141 5761 5764 5767 3088 5771 6935 9286 579 7923 4582 2128 1180 8154 1
961 8988 2351 6194 4003 7661 5380 3374 5582 1
